0,6,8,34,36,38,42,45,47,49,50,51,52,53,55,61,62,63,67,69,71,74,78,83,94,
4,8,9,11,14,17,18,35,36,38,39,40,41,42,43,59,63,69,73,80,81,85,87,93,97,
8,9,10,14,17,21,25,36,38,40,43,45,57,60,62,63,69,83,85,93,
0,4,7,11,12,13,14,20,23,26,29,38,42,46,61,62,63,72,73,85,86,91,96,
3,6,11,12,14,17,18,19,21,25,33,38,48,61,62,63,68,71,75,80,81,83,84,87,89,
0,11,13,38,40,60,63,74,80,
3,5,7,17,23,28,32,38,39,40,43,47,52,57,61,67,69,70,79,85,87,93,
3,29,43,45,69,72,74,78,89,93,95,97,
0,3,4,12,15,28,33,38,39,40,47,48,61,65,71,72,74,80,86,87,89,96,98,
17,21,33,36,43,45,47,48,61,69,73,78,81,83,87,
3,5,6,28,35,36,38,40,43,48,51,52,61,62,63,74,77,85,86,
3,5,8,11,14,17,20,21,28,33,36,40,51,52,57,59,63,66,81,83,85,89,90,
5,8,14,21,29,31,35,38,39,41,42,59,62,63,70,86,95,
1,3,5,7,11,14,28,31,33,35,36,43,48,61,63,69,80,82,86,91,
12,21,26,28,29,31,43,45,57,61,62,63,67,69,77,80,81,83,86,87,88,89,93,96,
3,8,11,12,17,20,23,28,29,35,38,40,43,47,48,50,62,63,66,71,72,73,81,83,92,97,
13,23,25,31,35,36,38,50,62,66,67,70,71,74,81,85,
21,36,43,51,59,62,63,69,70,87,89,97,
5,13,23,29,36,42,46,48,51,57,63,68,69,72,74,81,83,85,87,95,
3,8,9,17,21,27,28,36,38,40,43,45,48,49,57,66,67,69,71,74,78,81,84,85,86,87,89,91,93,95,
7,13,21,34,35,38,47,49,52,63,66,68,71,80,89,
3,8,10,13,25,26,28,36,38,39,48,51,62,63,69,72,73,81,83,85,93,
3,8,12,14,17,23,35,38,41,48,51,57,61,63,69,73,76,85,86,87,89,90,97,
3,8,9,11,17,24,28,36,38,39,40,42,47,48,60,61,63,69,71,72,74,80,85,87,89,90,91,92,95,
3,9,11,12,34,38,40,42,47,48,55,66,68,78,80,81,88,95,
0,5,7,8,11,12,13,17,28,33,36,38,40,47,48,67,68,69,71,72,76,78,83,85,87,89,93,
7,8,9,13,14,17,23,25,26,27,33,38,40,46,47,48,55,63,73,75,80,81,85,92,97,98,
9,10,11,13,14,17,25,27,29,34,35,36,38,42,48,57,60,68,71,78,79,83,86,87,92,
0,7,9,14,16,17,22,28,36,38,39,43,48,53,61,63,69,81,93,
22,25,27,29,31,35,38,48,52,80,84,85,88,89,93,99,
3,11,12,17,23,36,38,39,41,42,51,57,61,72,81,85,87,89,91,93,95,99,
3,5,14,23,36,38,40,43,46,68,71,74,76,78,80,87,90,95,
7,9,18,20,23,25,27,33,36,38,43,52,63,68,69,72,78,81,87,90,92,93,95,
0,8,11,12,14,19,22,23,35,36,38,39,40,43,48,50,51,63,66,67,68,69,71,74,81,83,85,91,94,96,
3,4,10,13,14,25,28,36,38,39,40,42,43,50,51,53,55,61,62,63,69,87,97,
4,8,12,23,26,28,29,33,34,38,48,51,62,69,73,74,81,86,87,93,96,
3,8,9,11,13,17,20,21,28,33,34,35,36,38,40,43,46,48,49,61,80,85,87,90,98,
6,12,19,23,25,33,35,38,39,45,61,62,63,72,73,75,87,
0,4,5,7,8,11,12,28,29,35,38,46,47,48,61,66,69,72,78,80,83,85,86,87,90,95,97,
5,11,14,25,29,36,38,43,52,63,67,69,72,80,85,87,
5,8,17,26,28,33,36,38,51,59,68,69,72,81,83,85,87,99,
3,6,14,23,28,34,35,36,38,39,40,43,48,49,63,69,73,83,87,89,94,95,
7,13,24,28,35,38,40,43,45,48,66,69,72,78,86,88,92,93,
8,9,11,12,13,19,21,28,35,38,51,61,66,69,72,73,80,87,90,
0,3,5,8,17,36,38,61,62,63,67,68,72,73,81,83,84,85,87,89,93,97,
8,14,17,25,29,35,36,38,41,42,43,47,49,51,52,55,63,73,76,81,82,83,87,95,
14,17,19,28,31,35,38,39,40,43,48,49,59,62,63,85,86,87,93,96,
0,6,8,9,12,17,28,35,36,38,39,47,53,63,68,74,75,80,86,93,98,
3,8,17,23,26,28,36,38,39,43,48,52,61,62,63,69,70,71,72,73,87,90,93,95,97,
10,13,14,16,25,26,28,35,38,39,40,62,68,69,70,71,77,78,87,90,97,
0,3,7,8,12,19,24,27,28,33,36,47,52,54,69,71,73,83,85,95,
4,7,8,9,17,21,28,39,46,63,66,67,69,72,85,87,
4,7,8,9,11,21,31,36,60,63,66,67,69,81,85,
3,8,17,23,26,28,33,34,39,43,48,52,67,69,73,81,85,87,95,
12,19,28,29,36,38,47,48,52,62,63,71,80,83,87,88,92,
3,7,8,12,17,20,21,23,29,36,39,42,48,49,63,67,68,72,73,83,85,86,93,94,
3,19,41,43,72,87,90,
6,8,9,17,19,23,28,36,42,45,46,48,51,63,71,73,74,87,97,
3,4,7,9,10,11,15,17,18,23,25,26,35,36,41,48,51,57,60,61,65,86,87,89,
3,5,6,7,14,19,28,33,35,38,57,67,68,81,83,85,95,
3,11,12,13,21,23,28,31,33,36,38,40,51,59,60,61,63,70,71,72,87,93,
3,8,10,13,21,22,28,29,34,40,43,47,49,50,51,60,71,73,80,89,90,93,
7,8,9,11,24,27,39,48,51,61,63,67,68,69,71,83,85,87,93,95,
5,14,15,18,21,23,33,36,41,43,48,50,60,63,66,69,71,73,81,83,97,
6,7,8,10,14,16,19,26,27,28,29,34,35,48,49,60,67,69,73,74,78,81,84,85,86,87,95,
10,23,26,29,41,47,60,63,81,83,89,
10,13,14,17,23,35,36,40,43,46,68,69,71,72,78,85,97,
3,7,9,10,14,17,19,34,42,43,45,47,48,63,69,72,79,83,85,93,94,
6,13,17,19,22,29,35,36,41,42,43,51,62,63,67,69,71,72,74,81,83,88,89,97,
3,5,9,27,28,38,40,42,43,46,53,57,63,69,71,72,78,87,93,
4,8,17,28,36,39,41,78,86,87,97,
3,8,11,22,26,28,29,40,41,48,52,60,63,68,69,70,74,78,80,94,
3,5,7,8,11,17,21,26,31,34,35,38,41,52,55,59,60,69,70,71,73,83,86,87,
7,13,14,15,17,21,22,25,29,34,35,36,40,43,47,48,51,52,59,63,69,71,78,86,87,89,97,
5,9,11,15,21,23,26,28,35,36,38,40,46,61,63,65,67,69,72,75,85,87,
12,17,21,23,36,38,47,49,52,60,66,69,71,85,87,93,
3,8,9,13,24,28,29,34,38,48,50,63,70,71,81,87,93,
3,14,16,20,21,28,31,38,43,46,48,63,67,69,78,81,83,95,
6,8,29,33,36,38,47,50,57,63,68,74,77,83,87,92,93,
7,25,36,61,63,69,71,73,
3,6,14,15,17,25,28,36,38,39,49,51,61,62,63,67,78,80,81,85,86,
6,8,10,38,39,42,52,60,61,63,68,70,76,78,83,85,89,95,
4,7,8,11,12,13,35,36,38,40,43,55,57,61,72,81,86,89,97,
7,8,11,13,14,15,17,29,40,48,53,60,62,67,68,69,72,73,87,
3,6,8,11,21,24,34,38,40,42,48,61,62,78,80,85,87,89,97,
3,7,9,11,23,24,25,28,36,38,42,47,61,69,71,72,73,81,98,
3,25,28,33,34,36,39,40,43,47,52,54,66,69,72,80,94,
7,8,11,12,17,18,21,25,28,35,36,38,40,49,51,53,63,67,68,71,72,78,83,85,89,90,99,
0,14,21,23,28,34,38,39,45,47,49,51,52,87,93,94,99,
8,10,12,17,25,36,38,39,41,42,43,45,50,62,63,66,69,73,81,86,87,93,97,
0,3,6,8,9,26,28,29,38,39,42,45,61,68,76,78,87,
6,8,11,24,26,29,33,36,38,39,42,43,44,47,48,51,57,61,62,63,66,67,69,72,73,76,81,85,86,88,93,
9,14,17,21,23,33,36,39,42,47,48,55,63,73,80,81,83,86,87,93,
0,7,14,28,33,35,38,39,47,66,67,69,71,73,80,81,83,84,86,87,95,
3,17,24,25,36,38,40,45,51,52,63,70,73,81,83,85,86,87,91,97,
3,4,7,11,14,17,18,19,22,28,32,38,39,40,43,48,49,50,51,52,60,61,62,63,67,69,72,80,
5,17,26,29,35,36,38,43,46,48,61,62,63,77,81,86,95,
0,3,7,9,17,38,40,45,47,57,63,67,71,80,85,87,89,93,95,96,99,
5,8,11,14,23,26,29,34,35,36,41,43,55,62,63,67,69,70,71,73,83,87,90,93,97,98,
3,7,9,14,17,28,29,36,38,40,41,42,43,48,49,55,63,69,74,81,83,85,87,89,
3,5,14,35,38,39,40,43,49,51,53,63,72,73,86,87,93,97,
3,6,8,9,17,18,23,34,36,39,47,55,71,72,78,85,86,87,93,
6,10,11,15,17,21,23,28,29,33,34,36,38,42,46,47,52,55,71,78,80,87,88,
3,6,7,8,9,21,24,27,28,31,36,38,40,42,43,55,62,63,78,83,85,94,
10,13,14,26,29,38,39,42,43,45,48,50,51,52,69,75,83,85,86,93,95,97,
11,12,17,26,33,34,35,38,44,47,51,52,60,63,71,74,86,87,88,89,93,97,
7,11,21,36,60,63,66,67,72,76,81,83,92,
4,8,9,11,14,26,28,38,40,47,63,69,71,78,80,93,99,
3,11,14,21,24,28,29,33,35,48,53,57,61,62,67,69,71,83,85,86,88,
6,8,9,11,17,21,23,24,25,28,32,34,36,38,47,48,51,52,66,67,69,70,74,76,80,87,90,96,98,
7,11,15,17,26,28,35,36,39,40,42,47,61,63,68,69,70,73,78,83,85,92,93,
3,12,15,21,28,31,34,35,36,38,39,43,45,52,61,63,70,74,83,85,87,94,96,
17,36,39,49,50,61,68,69,70,76,80,83,85,87,89,
5,6,19,23,25,26,36,38,39,47,48,51,61,63,67,71,80,90,91,
0,10,11,14,18,24,25,28,34,38,46,49,51,57,61,81,86,87,99,
3,9,19,29,31,35,38,46,48,51,62,66,69,71,73,80,83,87,
5,6,8,21,28,29,36,38,42,54,69,73,80,81,83,87,93,
0,8,11,12,14,17,18,19,21,23,26,29,31,33,36,38,39,40,61,63,66,67,73,78,80,85,87,93,96,97,99,
0,3,5,9,11,12,17,22,28,33,39,40,44,47,48,49,53,66,71,74,80,81,83,86,87,98,
3,8,18,29,31,33,35,36,38,43,48,63,67,69,70,72,78,80,83,86,87,89,
9,18,19,24,28,32,35,38,47,62,67,80,85,87,
28,29,51,62,63,67,69,74,75,78,80,81,85,89,
0,13,18,29,35,47,51,61,62,69,70,75,87,92,
20,24,25,28,38,39,62,72,73,83,86,87,88,93,
4,5,31,33,35,38,40,45,47,48,67,69,72,78,80,85,97,
0,3,4,11,12,14,17,23,28,29,36,40,41,47,51,55,61,63,68,74,78,79,87,
10,11,23,24,35,36,38,40,41,42,47,48,52,55,69,74,80,81,83,87,93,95,
0,8,10,18,21,23,38,39,40,49,52,61,63,68,69,73,78,81,83,86,87,97,
3,4,6,8,23,34,36,38,39,47,53,60,61,67,68,87,91,93,
9,10,11,13,17,18,21,26,28,29,38,40,43,44,47,48,61,62,63,69,71,80,86,91,95,
7,13,14,17,19,35,36,38,46,47,48,50,51,55,57,63,67,71,72,86,87,95,97,
3,25,29,34,35,36,48,50,69,78,86,87,93,
3,7,8,10,11,14,18,22,26,28,35,38,39,40,42,43,51,52,61,62,80,85,87,93,95,
3,9,12,14,15,17,21,39,47,48,55,62,63,66,71,73,89,
3,6,8,13,15,21,22,51,62,69,73,78,83,87,93,95,
7,11,17,34,35,36,38,39,48,67,71,78,80,86,87,97,
6,7,15,17,23,28,34,35,36,38,43,48,61,63,69,73,74,85,87,89,91,
3,4,7,9,11,36,38,39,43,45,47,48,57,60,63,67,69,73,77,78,80,85,87,89,93,
3,8,9,17,26,31,35,36,38,49,51,63,67,71,72,74,76,87,95,
0,3,7,8,11,13,17,27,28,36,38,42,44,47,48,49,52,54,62,63,68,69,71,72,74,78,83,85,87,89,92,93,96,
3,8,11,14,17,18,26,28,38,43,50,51,60,63,68,75,77,83,85,86,
5,9,36,39,43,61,63,66,81,83,86,
8,9,11,17,19,23,38,43,47,48,63,69,70,80,81,83,85,87,
7,17,19,35,36,40,43,54,60,62,86,87,
0,14,47,49,57,69,73,83,90,94,
8,12,17,21,24,25,29,34,38,43,47,66,67,69,78,80,87,89,93,
0,12,15,21,27,28,36,40,41,43,48,53,55,57,67,69,80,81,83,86,94,
3,9,17,20,29,31,38,40,41,53,61,66,67,68,69,73,74,85,86,87,93,
6,9,11,12,36,38,39,41,43,48,51,62,63,66,68,70,80,81,
3,8,9,17,36,45,48,51,61,69,72,76,79,86,89,94,
3,7,9,11,15,16,17,18,21,23,24,33,34,36,38,42,43,48,50,60,66,69,86,87,
8,10,16,33,35,36,50,53,61,71,87,90,
7,19,21,22,25,29,34,36,39,44,45,48,50,51,55,60,63,67,80,87,88,89,91,93,
0,15,18,21,23,26,27,29,33,38,42,48,50,60,62,66,71,72,80,86,
0,4,8,13,15,23,26,29,48,50,51,53,55,57,63,69,70,83,85,88,89,95,98,
3,5,9,10,17,20,22,23,29,36,38,40,48,54,66,71,72,73,78,81,86,90,93,95,
9,11,29,35,38,39,42,45,52,54,59,66,68,69,78,85,87,94,
3,8,14,21,25,36,38,43,47,51,53,63,67,78,80,87,94,95,
11,17,20,26,29,38,39,40,50,52,67,71,76,80,86,87,
0,3,5,9,10,11,26,29,31,35,38,46,50,51,55,60,68,78,80,87,
6,8,11,13,38,40,42,47,62,63,71,72,74,78,81,87,
0,3,11,21,38,39,52,59,63,66,68,73,86,
5,7,10,14,25,26,28,36,38,39,43,47,48,49,50,53,55,61,73,80,85,86,87,92,93,95,97,
3,5,6,8,9,17,33,35,36,38,39,41,43,53,63,66,68,71,73,87,
9,11,23,28,31,39,44,45,48,66,69,78,87,
3,11,17,28,31,36,38,39,52,63,67,69,70,73,86,87,
5,7,9,17,19,25,31,35,36,38,41,43,47,51,53,63,68,69,74,83,85,86,87,90,92,97,
5,8,9,17,22,36,38,41,48,52,66,67,69,70,71,74,75,83,85,86,87,96,
11,18,19,49,51,52,63,67,72,78,87,
3,7,8,17,24,35,38,47,51,53,60,63,69,78,83,85,
3,8,12,14,16,17,18,21,29,32,34,38,42,47,48,63,66,71,72,90,95,
8,10,11,19,24,28,29,31,33,38,40,47,48,52,62,63,66,67,72,73,77,78,80,85,86,87,88,90,
0,3,5,7,12,17,31,33,35,38,39,40,43,45,47,48,50,52,57,61,62,63,69,77,81,83,86,87,90,
5,8,20,28,29,31,36,39,48,57,62,63,69,74,76,80,81,85,87,95,99,
0,3,6,14,17,21,35,36,38,39,40,46,50,51,62,63,66,67,78,90,99,
3,13,17,21,38,39,43,47,49,53,61,63,69,71,74,80,85,86,87,89,91,95,
0,3,7,26,28,39,48,51,55,60,63,67,70,92,
3,4,12,17,18,21,23,26,29,35,36,38,45,48,57,61,63,70,73,76,81,86,90,
11,14,28,34,36,38,48,63,73,87,
5,9,10,17,21,22,33,35,38,39,40,43,61,67,80,86,91,
0,3,4,6,11,14,23,31,32,36,38,41,43,48,52,62,63,69,72,73,74,78,87,88,
3,7,8,11,17,18,29,35,36,40,47,48,50,52,56,57,63,68,69,72,78,79,80,85,89,96,
6,7,8,15,17,33,37,39,43,45,48,50,67,74,81,87,93,95,
13,15,17,23,28,34,35,47,48,51,59,69,72,81,84,89,
3,9,24,28,29,36,38,47,48,51,62,76,87,
5,14,19,23,24,29,36,38,57,62,68,70,85,87,95,96,
7,14,17,23,48,51,53,61,62,66,69,72,83,89,
7,19,25,31,33,34,47,48,49,55,69,70,75,76,88,89,
0,11,14,15,18,25,29,35,36,40,41,42,46,47,48,50,69,72,80,85,86,87,89,
3,11,12,13,26,33,35,36,38,47,48,51,63,66,67,72,74,78,83,87,91,
3,7,8,12,29,36,38,39,43,49,51,53,60,61,63,67,69,71,80,81,85,90,92,97,
3,4,8,12,14,25,43,48,60,63,66,67,70,71,74,76,78,87,
3,7,8,9,28,29,36,38,47,51,60,63,83,86,87,91,93,97,
0,3,9,29,40,43,61,63,80,81,92,
10,17,21,26,33,35,36,38,40,60,67,69,71,87,89,91,94,
3,5,9,17,23,26,33,36,38,40,42,61,63,68,69,71,72,74,79,81,85,95,
0,6,10,21,26,28,29,39,59,62,63,71,
0,3,8,10,15,17,23,33,35,38,43,62,63,69,72,75,78,85,87,92,96,99,
21,36,38,61,69,70,80,87,
10,17,21,25,26,35,38,39,42,48,52,60,61,63,74,83,85,87,99,
36,42,62,63,66,69,81,87,
8,14,17,20,23,29,33,36,38,39,47,48,50,52,59,61,69,80,85,95,
7,9,10,14,18,25,28,40,41,42,50,57,74,81,86,87,97,
8,11,16,34,36,38,39,47,61,62,63,70,73,81,86,87,
8,10,18,23,25,26,29,34,43,48,60,68,73,81,89,98,
10,14,62,71,74,85,86,87,93,
3,5,9,20,28,36,38,39,45,51,52,55,63,67,69,80,81,85,87,
3,4,9,14,27,36,40,43,47,49,51,61,63,69,78,85,87,90,93,94,97,
3,5,9,17,25,39,43,48,53,55,63,69,78,81,87,
3,8,39,41,49,52,60,61,73,78,80,81,
6,9,11,23,34,36,38,39,42,53,57,62,63,68,69,72,76,80,81,86,
3,5,8,11,13,15,28,29,36,38,46,51,59,62,63,73,78,87,90,93,
8,17,25,28,29,35,36,45,50,53,63,66,69,71,73,81,83,85,95,
3,4,8,15,21,28,33,34,45,52,69,76,85,95,98,
3,8,11,17,22,23,35,36,38,45,46,47,48,63,68,69,87,88,89,93,94,99,
5,6,8,9,11,17,19,28,29,33,36,38,62,63,67,69,73,80,81,83,95,
9,13,17,27,34,51,69,74,84,86,89,95,99,
0,3,10,11,16,17,18,21,25,28,34,35,38,43,48,52,63,69,71,73,81,85,86,87,89,97,
3,6,9,11,14,25,30,33,35,40,46,47,51,52,62,63,67,68,73,75,76,77,81,83,85,87,93,
0,11,17,25,29,33,43,46,47,48,55,62,63,66,69,71,73,76,78,81,85,89,
8,18,23,28,33,36,42,45,48,51,63,69,75,80,87,93,97,
7,8,9,13,17,24,29,40,42,47,49,51,63,67,69,71,73,74,76,80,81,83,86,87,97,
8,9,11,12,23,24,28,33,36,38,40,43,52,55,59,63,69,73,74,81,83,85,99,
2,3,7,9,13,21,25,28,33,36,38,57,61,63,69,71,73,80,81,83,85,95,97,98,
5,9,11,13,17,21,27,28,36,39,49,52,61,62,63,68,69,71,72,85,86,92,97,
0,6,8,9,17,22,28,29,38,39,41,47,48,51,52,62,63,69,71,72,73,80,83,85,87,89,93,94,95,99,
3,11,26,28,36,38,42,59,63,70,76,81,83,86,
0,14,17,27,28,36,51,52,59,63,89,93,
5,6,18,23,35,40,41,51,57,61,62,63,69,72,75,79,80,83,85,87,90,95,
5,7,9,11,27,35,38,43,45,46,48,51,54,55,60,61,63,67,68,69,71,73,85,87,95,
4,9,14,18,25,26,36,38,39,47,48,51,62,63,66,67,69,72,83,
8,10,11,23,24,26,52,62,63,66,71,74,79,85,90,
5,8,9,29,35,36,38,44,53,63,67,69,71,73,81,87,88,93,98,
4,7,14,18,23,28,38,69,
14,17,23,36,51,69,72,76,83,84,89,93,
12,39,41,48,63,69,71,81,83,
8,15,23,28,36,42,45,48,63,67,69,81,97,
3,4,7,8,10,11,15,23,38,39,43,48,52,57,60,62,63,67,69,71,73,80,85,95,97,98,
3,8,12,14,29,36,40,43,62,63,69,83,86,87,90,97,98,
1,7,14,17,18,36,38,39,44,47,51,69,80,83,89,93,95,
5,10,14,43,48,52,55,66,67,73,76,83,94,
10,14,16,17,24,35,36,38,43,60,62,71,73,81,85,87,89,97,
0,6,8,19,21,25,29,35,38,40,42,47,63,66,67,69,70,71,74,78,94,95,
5,9,11,14,18,19,21,33,35,38,42,43,49,52,62,70,71,78,80,83,87,95,
0,8,11,14,16,17,23,29,34,36,38,48,51,61,62,66,72,73,81,85,92,
8,21,28,34,36,40,49,50,51,61,62,63,66,69,71,73,81,86,90,97,
6,9,12,13,22,23,28,34,38,44,48,53,61,62,71,72,81,85,86,
7,8,10,11,14,16,17,24,31,34,38,39,40,43,46,48,52,61,63,67,69,71,85,87,93,
9,11,12,13,15,17,19,22,25,38,39,40,42,48,49,50,60,63,66,67,70,76,89,92,95,
11,24,33,34,40,43,46,47,49,63,66,67,68,69,73,83,87,
4,8,14,17,21,23,28,33,35,38,40,47,51,52,61,63,74,80,87,93,
6,11,17,24,33,34,36,38,42,55,67,69,74,81,84,87,89,
7,9,10,18,20,21,22,25,35,38,41,43,47,48,53,57,61,62,66,71,81,85,87,93,96,
13,16,18,27,36,39,48,50,51,61,74,78,89,93,97,
11,14,20,22,27,29,38,50,53,61,62,69,81,89,95,
3,17,19,21,23,24,26,29,33,36,38,41,49,50,55,61,62,63,67,69,72,73,87,93,
7,17,28,36,39,47,52,63,72,74,78,79,81,85,
9,11,14,17,38,39,40,43,51,52,62,72,75,87,89,97,99,
0,8,11,12,17,19,22,28,38,47,48,51,72,73,81,86,87,89,93,
3,11,14,18,28,33,36,40,43,51,53,62,68,73,81,87,90,93,97,
3,7,10,11,23,35,36,47,48,60,62,63,69,71,72,85,88,89,93,99,
3,9,11,23,28,29,36,39,42,43,50,54,57,61,75,78,79,87,93,
3,11,13,18,27,29,36,38,40,42,48,52,56,74,78,79,80,81,83,89,
0,6,8,21,28,49,52,59,60,61,62,63,65,68,73,85,87,
3,8,10,14,21,28,29,33,36,38,39,45,47,51,55,62,63,66,69,73,76,86,87,95,97,
4,8,9,11,16,17,18,21,29,31,38,42,45,47,60,63,69,71,74,83,87,89,
4,8,10,17,24,25,43,53,60,71,72,80,87,89,95,97,98,
8,17,24,38,40,52,67,72,81,86,87,89,95,97,
12,14,29,33,34,36,38,43,47,48,53,55,59,63,67,69,70,76,80,87,88,91,92,95,
4,8,11,13,14,16,17,18,27,29,43,47,49,50,61,79,83,93,95,
7,8,11,12,17,28,34,36,38,46,50,55,67,71,72,80,81,86,87,92,
6,13,28,29,36,38,39,43,47,48,55,61,62,63,67,71,78,83,86,
3,7,11,12,13,14,21,34,36,38,43,48,51,53,61,63,66,67,69,74,80,81,83,86,87,93,94,
3,9,34,39,47,57,67,69,72,74,78,85,
0,7,9,10,22,26,28,38,39,47,50,51,53,61,62,66,67,69,72,85,86,87,95,
5,6,11,21,28,41,62,63,67,80,83,
6,9,14,17,36,38,39,41,47,49,61,62,63,69,71,80,83,86,87,93,
8,14,28,31,38,62,72,91,
11,26,28,29,31,35,36,39,43,50,61,63,80,83,87,88,
9,11,14,18,20,23,29,40,49,52,53,61,63,69,73,78,80,
3,5,6,36,39,63,69,72,81,87,96,
14,18,21,34,43,47,63,67,72,73,74,78,80,87,89,
8,27,28,29,39,40,41,43,55,63,66,74,85,87,
29,47,52,63,69,73,87,98,
3,5,8,13,15,17,21,26,28,33,36,40,47,51,57,62,63,74,78,81,83,87,93,
7,11,13,20,33,39,48,53,66,81,87,
4,9,11,12,23,28,36,38,47,48,53,62,63,68,71,72,83,85,
3,9,14,21,24,36,38,40,43,48,51,66,68,74,87,89,
7,8,9,14,24,36,39,41,51,69,72,73,80,83,85,86,87,89,95,
3,12,14,23,27,29,38,40,46,53,55,63,68,69,78,93,
3,5,8,9,23,31,33,34,35,38,48,51,52,57,60,61,66,67,69,78,80,81,
8,14,34,35,36,43,44,45,59,60,63,66,68,80,87,
6,7,8,11,12,14,17,21,23,28,32,35,43,48,60,61,63,67,69,73,78,85,86,87,95,
8,13,15,25,36,38,39,40,43,47,62,66,69,71,72,87,92,97,
9,11,21,23,34,38,40,43,47,49,60,63,69,71,72,76,80,81,85,87,88,89,
14,17,23,26,28,38,47,48,51,52,62,84,87,95,
6,7,9,11,17,18,28,33,38,40,41,42,43,47,62,66,69,74,85,87,89,
4,9,17,19,21,28,35,38,47,51,62,75,86,87,90,94,
3,10,11,14,17,25,34,42,45,61,69,71,73,87,93,95,97,
7,8,9,11,14,19,23,28,31,38,39,40,42,45,47,51,52,54,59,60,61,62,63,73,74,78,81,85,88,93,95,
5,8,14,17,23,28,36,38,42,48,55,63,69,87,93,95,97,
4,6,9,14,26,36,39,43,48,55,63,69,70,78,85,87,
0,7,12,18,25,28,36,38,48,52,66,67,69,73,74,78,81,86,87,
7,8,9,12,14,17,38,48,51,60,63,80,83,84,93,99,
3,4,8,11,17,23,29,34,38,39,43,51,56,63,69,78,89,
0,8,9,16,17,25,35,36,39,40,43,47,62,67,68,71,73,78,81,89,91,93,97,
12,17,21,24,34,42,43,47,51,52,63,69,71,72,80,81,83,86,93,
3,8,9,11,21,22,28,39,40,61,68,73,76,78,87,95,98,
0,6,28,30,39,51,66,69,71,81,86,87,
0,8,11,12,17,26,36,39,40,43,47,50,52,54,61,62,70,80,85,88,
3,8,12,14,17,18,21,24,26,28,38,39,43,47,48,53,60,69,85,89,92,96,
4,6,8,17,23,25,28,36,39,47,48,51,57,62,66,69,71,80,85,87,89,97,
3,14,17,26,38,43,47,54,62,72,85,86,89,96,
3,5,8,9,11,13,22,23,29,34,40,43,59,63,69,72,73,80,81,85,86,87,90,
0,4,7,8,10,11,14,17,26,28,29,33,38,48,63,65,67,68,69,70,71,72,85,86,87,89,93,94,95,98,
5,6,8,13,29,39,42,47,50,61,67,71,76,78,81,85,93,95,98,
7,8,12,17,18,19,21,22,25,34,39,42,49,62,63,86,87,93,
3,7,11,15,25,28,35,38,40,41,42,43,63,71,76,77,83,
3,5,7,8,18,22,23,28,36,38,49,51,55,57,61,62,63,66,67,69,72,73,81,85,87,89,
10,11,31,36,47,48,52,63,67,70,81,86,
3,6,8,17,40,48,62,63,69,72,83,85,87,89,90,94,
0,5,6,12,13,29,31,38,39,41,42,48,49,50,60,61,66,69,81,83,87,90,
21,23,26,27,35,38,40,48,49,62,63,69,70,73,80,81,85,86,90,95,97,
9,14,35,36,38,43,47,48,61,63,67,69,70,87,89,90,93,
7,8,11,14,16,29,34,39,41,42,52,57,67,68,69,85,87,88,93,97,
6,8,9,11,18,20,21,28,36,39,40,49,50,51,52,61,63,66,71,74,76,80,83,85,86,87,92,
3,10,14,28,36,40,42,46,47,49,53,63,66,70,81,83,85,87,
3,9,14,23,28,36,38,40,47,62,63,64,67,69,70,76,78,80,83,85,97,
3,4,8,10,12,28,34,36,38,51,69,71,74,75,83,
8,21,30,38,47,63,66,68,71,87,88,89,97,
9,11,23,24,40,43,53,87,93,95,99,
6,8,9,11,14,25,35,39,47,48,62,63,67,80,83,87,93,97,
0,5,26,28,35,36,38,39,40,41,48,62,63,69,70,73,83,86,87,95,
0,3,7,11,12,14,19,23,28,35,36,38,47,48,57,62,63,66,69,76,97,
0,7,9,11,13,17,28,36,38,39,48,60,61,63,66,69,70,71,80,87,90,92,
0,4,8,11,13,18,20,28,36,47,62,63,69,71,87,89,90,97,
1,3,8,28,38,43,48,51,59,61,63,69,79,83,85,89,93,
8,14,21,39,40,48,62,66,67,81,89,98,
1,3,7,13,24,29,38,41,42,50,53,60,62,63,69,75,80,81,86,88,
0,3,7,11,14,15,21,29,31,33,38,40,43,61,62,63,69,78,85,87,89,93,95,97,
9,11,12,24,26,28,38,39,43,46,53,61,63,69,70,71,78,80,81,83,87,95,
11,13,17,33,36,62,63,68,78,81,83,85,87,
3,5,10,17,25,36,38,42,43,53,59,60,61,63,69,72,73,80,83,86,87,93,96,
3,13,14,25,29,34,43,47,48,50,51,52,53,61,63,67,70,78,81,90,93,
1,7,8,9,18,23,26,28,29,33,36,38,47,52,63,68,69,80,83,86,93,
3,9,15,17,24,28,35,36,38,39,41,69,70,72,80,83,85,89,90,93,95,
3,7,11,16,18,23,28,38,43,45,51,61,63,66,70,73,74,78,80,81,86,87,97,
8,28,29,38,48,49,52,69,73,87,90,97,
8,9,14,21,25,29,35,38,43,45,48,61,70,71,80,81,93,
5,9,14,21,23,26,34,39,42,43,45,48,49,55,67,68,69,73,78,
3,4,7,8,9,16,17,25,28,31,33,35,48,55,60,62,72,80,83,85,87,
7,8,13,19,28,38,40,43,48,67,72,73,81,87,94,95,
4,10,40,43,45,48,49,61,62,63,73,78,83,
6,8,22,24,29,32,34,35,36,40,41,47,62,63,66,69,71,76,78,81,87,89,95,
7,8,23,24,28,38,41,47,48,52,53,55,63,68,72,80,81,86,87,
8,26,29,39,48,69,86,
0,4,17,24,28,34,38,45,54,63,69,70,71,90,
3,6,7,9,17,24,28,36,38,40,42,47,48,60,64,72,76,80,83,85,87,95,97,
11,13,19,21,23,28,36,38,40,43,49,61,62,63,72,90,94,
0,3,7,12,17,23,28,29,33,35,36,38,39,40,43,45,51,52,53,60,61,63,68,69,78,81,85,86,87,89,93,97,
5,6,10,11,20,21,28,39,40,48,59,61,63,67,69,71,80,81,83,93,95,97,
3,9,11,28,29,38,39,42,43,47,48,51,57,61,80,85,87,91,95,
10,11,18,19,21,23,26,38,40,42,47,48,50,59,63,66,71,72,74,87,88,93,95,
4,8,13,22,25,28,35,38,40,48,55,59,61,63,69,72,73,74,76,78,86,
8,9,17,19,28,36,39,40,43,51,61,67,70,73,80,85,87,88,
8,28,35,36,38,48,50,51,63,69,70,71,73,75,87,88,
4,7,15,24,28,31,35,36,38,48,61,63,67,69,71,83,97,98,
3,8,12,16,23,28,29,36,38,47,48,65,69,71,75,85,87,89,93,
4,5,12,21,23,29,31,36,38,42,48,49,53,61,68,69,71,76,81,93,
7,8,9,13,14,23,24,26,28,29,36,38,40,43,55,57,59,63,68,69,72,73,75,80,83,86,87,98,
3,14,17,28,36,38,39,47,48,52,57,62,69,85,87,93,
8,10,13,15,23,38,43,48,61,66,69,85,86,87,89,93,
0,3,11,23,26,29,31,34,35,36,38,46,47,48,49,50,52,55,59,63,69,78,86,95,
8,14,18,22,23,28,33,36,38,48,51,52,53,63,69,70,78,81,83,86,92,93,97,
10,12,13,21,22,26,33,36,43,52,60,61,63,68,71,72,86,88,93,
7,9,16,20,23,39,40,43,47,48,50,52,63,71,72,73,90,98,
3,5,8,22,26,28,35,39,40,61,62,63,64,66,67,80,83,85,87,89,95,
3,9,11,26,33,36,38,42,52,61,62,63,67,69,72,78,80,83,85,86,88,
3,6,8,11,14,29,35,38,39,53,62,63,67,78,87,93,95,
4,6,8,10,15,16,17,22,33,35,36,38,43,48,59,60,63,69,70,72,78,86,87,90,
8,9,11,16,22,26,38,39,40,48,60,63,70,71,72,73,81,83,85,86,87,
3,7,8,9,12,14,28,31,38,43,47,56,61,63,68,71,72,74,76,78,85,86,87,89,
3,7,9,14,17,19,23,28,36,38,39,42,43,49,51,53,57,63,69,71,80,83,87,88,89,98,
0,4,6,7,9,11,35,40,43,45,51,52,60,63,73,74,75,80,83,85,87,89,95,
12,17,23,25,28,29,34,38,43,50,52,86,87,95,
3,7,11,14,21,26,28,34,43,61,70,72,73,83,85,86,88,94,95,99,
3,8,14,28,33,38,39,48,50,51,61,69,73,79,80,84,86,87,89,96,
3,21,26,29,36,38,39,45,48,52,55,69,87,
6,14,17,23,29,34,36,38,48,51,62,63,66,67,69,70,72,81,87,94,96,
9,12,13,19,21,34,36,42,43,47,63,67,68,69,74,76,83,86,87,99,
3,16,28,31,38,46,47,52,57,61,63,69,77,81,83,
0,3,14,23,29,32,34,38,39,40,41,48,49,60,61,63,69,72,73,80,87,88,89,97,
3,28,35,38,41,43,48,49,62,63,66,69,70,73,78,80,83,86,87,90,97,
3,11,14,16,18,31,34,35,38,39,46,49,50,52,67,83,85,87,93,
3,9,10,11,12,23,28,34,36,38,42,50,51,63,66,67,69,70,78,83,86,
3,8,14,38,45,47,51,52,57,61,62,63,67,71,77,78,80,81,85,87,89,
0,3,9,16,28,33,34,39,48,53,63,71,72,87,
4,5,8,12,17,21,24,25,38,39,40,43,48,51,59,60,61,67,68,69,78,80,83,87,93,
3,8,9,17,19,28,31,33,35,36,38,39,43,46,48,51,52,53,63,68,69,71,83,85,86,
3,4,9,11,12,13,20,23,25,26,29,33,35,36,38,47,48,50,51,59,63,67,72,79,85,87,95,
8,11,26,28,33,36,39,40,47,57,60,63,69,78,85,87,93,
8,9,17,19,28,38,47,48,52,60,62,68,72,73,87,89,91,95,
3,9,10,11,14,17,28,36,38,39,47,52,57,62,63,69,72,73,74,81,85,97,
9,11,14,17,22,28,43,47,48,53,57,59,61,63,73,86,95,96,
3,8,12,14,19,23,25,29,33,36,38,41,45,47,50,63,69,71,73,76,80,81,85,86,87,
4,9,12,17,26,35,36,38,39,43,63,69,73,78,83,
7,26,28,29,35,38,48,61,63,69,71,74,78,80,83,85,86,
8,14,21,34,35,36,38,39,43,48,49,50,55,57,63,67,69,74,76,80,85,87,89,91,95,
3,8,19,20,24,47,53,63,67,68,69,74,80,85,87,95,98,
4,5,7,8,11,16,17,24,35,36,38,55,61,66,67,68,70,78,80,85,87,94,
0,8,11,16,23,26,28,29,33,34,38,40,52,59,60,70,73,78,80,81,83,89,
9,14,17,25,28,31,34,36,38,39,42,47,52,63,67,69,70,71,83,86,90,93,95,96,
9,14,15,28,29,36,38,39,42,44,47,62,67,69,78,81,85,86,89,99,
21,36,39,48,50,68,71,78,80,81,83,90,
8,9,10,13,14,21,22,24,36,45,62,63,69,78,87,90,
3,11,17,28,33,35,38,39,40,47,48,49,50,53,62,63,70,71,76,78,80,83,87,89,
5,8,12,14,19,22,28,29,38,39,41,48,50,63,67,68,80,83,85,86,88,93,
0,5,8,10,17,20,26,33,39,63,64,69,70,71,76,82,87,89,91,97,
3,14,17,23,27,29,34,40,51,52,66,71,73,74,80,85,97,
1,8,11,12,24,26,29,35,36,38,39,41,52,69,70,71,74,83,85,90,92,
6,8,11,14,17,26,29,36,40,45,63,67,70,80,87,89,93,97,99,
4,6,9,10,11,17,31,36,42,48,51,61,63,71,73,80,85,87,92,
3,5,9,28,33,34,38,39,40,43,44,47,48,49,51,52,61,62,63,70,76,83,85,86,
3,5,25,29,38,42,46,48,57,62,68,69,74,78,80,83,87,
9,10,18,29,38,40,42,46,47,50,59,63,69,85,87,89,
11,12,23,24,35,38,40,44,47,50,61,69,73,74,78,85,86,87,88,89,90,93,97,98,
0,17,21,28,40,42,47,50,63,81,83,87,88,93,97,99,
3,7,8,9,10,17,25,26,33,36,47,52,53,54,57,63,68,72,75,78,80,81,87,90,97,98,
3,8,21,22,26,28,29,40,41,43,51,60,63,66,69,70,72,80,
0,6,8,11,15,16,18,28,31,38,40,43,49,59,63,69,73,85,93,95,97,
0,3,8,9,11,12,15,17,25,29,34,36,38,62,63,72,78,83,85,87,97,
3,6,8,11,12,14,17,18,21,28,29,33,36,38,42,45,47,48,49,60,62,63,67,68,83,85,87,92,93,
3,9,14,36,38,39,48,50,52,60,62,69,70,73,85,87,88,97,
4,11,13,28,38,42,47,52,53,61,67,71,73,87,89,93,
9,10,17,23,29,38,39,40,46,52,67,70,93,95,
7,8,9,18,19,28,35,36,38,40,45,48,63,67,69,80,83,85,87,
0,6,7,11,15,16,17,23,28,33,36,38,40,48,57,61,80,81,85,86,94,95,
7,13,14,29,33,37,45,47,48,67,72,78,86,87,89,95,
5,8,12,14,29,38,45,47,48,56,62,63,66,67,68,71,81,84,91,95,
12,23,33,35,67,69,76,81,83,86,
0,4,5,7,8,11,14,16,17,18,21,25,28,31,33,36,38,43,45,47,48,51,52,63,67,69,76,80,83,85,86,87,89,96,
0,3,8,9,12,17,31,33,36,40,48,50,69,71,73,74,78,80,81,83,85,86,89,97,
8,11,17,18,36,48,63,70,72,81,85,86,
3,8,9,12,14,17,25,34,35,47,49,60,62,63,67,69,72,73,78,87,
3,8,18,19,23,29,36,38,42,47,48,59,63,69,72,83,86,87,89,
17,18,23,26,35,42,43,47,49,63,66,68,69,73,78,79,83,86,89,
0,3,11,14,17,35,38,51,67,69,70,71,
12,17,18,19,28,29,33,35,36,47,48,50,55,57,63,77,81,86,87,
3,12,19,21,23,29,31,41,47,48,53,61,62,67,78,83,87,95,97,
7,13,14,25,29,34,35,36,40,43,51,53,57,67,69,70,76,80,83,85,86,89,95,
5,9,10,11,17,21,26,38,39,40,42,46,48,49,63,68,69,71,78,83,87,97,
8,17,29,36,38,39,43,47,48,51,61,63,66,76,81,87,88,92,
0,7,8,9,11,12,28,36,39,52,53,60,61,63,68,73,76,78,81,86,87,88,89,91,95,
3,9,12,17,31,33,38,40,43,48,52,57,63,67,69,83,85,86,87,88,
3,11,18,21,40,41,48,51,53,63,69,70,71,73,81,83,90,
0,5,10,12,17,24,25,27,28,35,36,38,40,42,48,51,55,71,78,79,81,83,85,87,92,93,
6,7,9,17,19,21,28,29,31,33,36,38,40,42,50,51,63,68,69,72,85,87,92,95,
0,8,11,14,28,29,36,38,48,53,55,68,69,73,81,83,93,98,
7,8,17,18,28,35,36,38,47,48,50,60,63,67,69,70,80,81,85,87,
11,22,23,48,69,76,78,86,88,89,93,99,
3,8,23,28,35,38,43,45,48,50,51,53,60,61,62,67,68,71,81,87,89,94,95,
8,21,33,43,48,61,68,69,81,83,
0,3,4,13,20,23,26,29,34,40,51,52,60,63,66,67,76,80,85,87,90,93,94,96,
3,4,5,6,8,23,25,28,31,34,35,47,50,59,61,63,66,69,71,80,88,
7,12,14,17,19,22,39,42,63,67,68,69,72,87,88,89,91,
4,9,11,18,33,36,44,51,52,55,60,61,69,70,71,87,89,93,94,96,
3,11,13,14,19,21,22,28,31,36,38,39,43,48,49,52,54,57,59,66,72,85,91,93,95,
14,17,23,24,35,41,43,47,61,69,74,83,85,86,87,88,
5,7,8,17,23,26,27,35,38,39,43,44,48,50,61,63,69,71,73,78,83,87,97,
10,17,29,31,35,36,39,42,62,63,71,73,81,
0,4,6,17,28,38,52,53,57,61,62,67,71,74,76,86,87,93,
3,5,8,9,18,21,23,28,35,36,40,42,45,48,60,63,68,69,73,81,83,85,87,89,92,97,
8,9,10,12,14,23,26,36,38,42,53,61,62,63,67,69,71,73,74,81,85,86,87,89,
11,25,26,34,48,50,51,55,62,87,92,95,97,99,
6,7,9,11,17,22,23,27,34,36,38,41,48,63,70,87,90,95,
5,8,11,25,34,36,38,48,52,53,61,63,69,70,73,81,85,87,
3,4,11,17,18,21,29,36,39,41,47,48,51,62,63,66,71,81,83,86,87,93,97,
0,8,11,19,25,29,36,44,48,51,85,93,
5,10,17,38,43,48,69,80,89,93,95,96,97,99,
0,6,8,11,12,21,26,36,38,39,40,41,43,49,62,69,74,80,81,83,85,90,
1,11,13,14,24,27,29,36,40,48,68,69,74,78,80,81,83,87,97,
3,9,11,17,21,23,28,36,39,62,63,69,73,80,81,85,87,93,
3,6,8,9,11,13,14,23,33,35,36,38,48,54,62,68,70,72,74,80,86,87,
0,8,12,17,21,22,28,35,36,38,40,48,61,62,69,70,86,87,95,
9,10,23,28,36,39,43,50,66,85,
5,10,12,14,29,35,40,43,48,57,59,73,81,87,
3,4,5,8,12,22,28,29,35,38,41,43,46,61,62,67,68,69,75,76,87,93,97,99,
3,12,13,40,44,48,57,63,66,67,69,70,85,87,
0,5,17,18,20,28,33,38,40,52,62,67,70,73,76,93,98,
8,11,12,13,14,35,36,39,46,48,49,51,53,63,66,69,83,91,93,99,
3,14,16,27,28,33,38,51,53,62,63,67,80,97,
3,9,12,17,21,33,34,36,40,43,46,48,62,63,69,72,80,83,96,98,
7,11,14,16,21,29,34,35,38,42,48,51,61,62,63,67,69,73,74,80,87,88,
0,3,5,14,17,21,23,24,26,38,40,46,47,48,49,53,61,68,69,71,74,78,80,81,87,89,93,
0,3,6,8,9,21,23,28,40,52,55,63,67,68,71,73,85,90,94,
8,11,23,24,25,28,29,33,41,42,47,55,63,67,73,87,89,93,
10,11,26,33,36,42,43,47,48,49,51,52,63,69,72,73,85,87,
0,3,6,14,19,20,21,25,26,31,33,36,49,50,55,63,67,69,70,75,88,89,96,
3,7,17,19,23,26,28,34,36,38,42,48,49,61,63,65,67,69,70,72,74,80,81,83,87,88,97,99,
11,14,20,23,29,31,36,38,39,49,51,55,71,73,80,87,92,93,
