23,31,136,146,155,176,221,222,240,246,247,259,274,284,292,296,314,318,322,326,360,368,388,399,420,
14,21,26,39,52,78,139,150,173,201,204,259,265,272,316,385,400,432,444,480,481,486,493,
34,51,83,89,103,186,192,193,208,213,278,281,318,353,410,412,446,
28,29,33,36,40,43,69,73,147,167,169,172,176,214,220,281,318,344,385,420,425,432,482,
3,4,15,28,33,48,49,61,66,69,86,95,107,125,160,221,274,293,302,367,439,472,477,
51,63,81,85,155,168,205,238,297,371,404,422,423,490,
11,21,51,52,63,69,85,87,104,132,289,293,298,299,336,368,395,412,422,455,466,
0,51,60,63,191,281,389,404,
17,26,76,97,117,127,147,163,191,216,222,260,274,288,335,339,360,372,389,403,456,478,
11,40,78,123,167,199,217,219,347,403,467,482,486,493,
7,8,14,61,119,132,188,222,233,282,322,371,390,392,409,437,446,451,471,490,494,
71,87,127,148,210,213,219,222,232,238,259,286,339,353,377,395,402,412,418,419,421,457,
9,18,107,140,149,155,192,209,238,283,287,293,306,316,318,399,429,437,
18,23,24,29,48,66,74,87,118,132,154,192,201,248,253,259,277,278,311,325,414,419,425,464,472,
6,9,17,29,36,38,68,89,107,118,123,127,138,154,182,201,209,238,298,300,360,361,404,437,487,
5,21,28,49,50,63,87,107,118,119,127,129,137,145,209,214,219,246,274,283,300,306,318,399,414,416,439,442,460,472,490,
33,61,87,95,118,124,127,170,210,238,246,292,293,329,360,371,404,444,455,480,490,
48,73,89,119,124,127,139,155,178,191,222,325,371,385,419,473,
63,106,137,138,154,166,246,293,322,326,365,371,392,414,432,488,
38,63,89,100,123,146,148,217,221,234,247,248,274,278,295,318,319,338,347,360,364,374,414,420,425,444,464,467,486,493,
8,17,147,154,175,219,243,331,353,368,395,399,416,418,432,456,457,486,
33,40,87,117,119,146,152,159,167,172,199,214,220,236,277,325,331,395,402,423,438,444,
38,63,80,112,133,140,143,147,160,191,236,261,318,325,371,388,416,442,446,464,471,472,477,
10,26,34,36,43,61,63,87,103,108,112,168,188,222,229,242,247,259,291,316,321,336,372,405,412,416,420,429,480,
9,36,62,78,100,138,148,150,171,201,286,316,339,353,384,398,425,493,
4,12,38,73,101,117,140,142,163,192,209,231,238,247,277,281,285,318,319,340,356,360,395,403,424,437,459,467,472,482,487,
10,11,31,38,55,81,120,182,227,241,316,368,372,374,395,409,432,455,472,486,
9,16,28,39,48,60,61,132,159,198,206,227,233,234,274,335,337,402,404,412,461,488,
3,29,63,80,117,130,163,166,178,191,231,336,346,371,374,377,397,416,425,431,442,465,
14,59,67,100,103,111,117,124,152,154,155,233,385,400,416,432,451,482,490,491,
28,43,63,78,80,104,107,128,135,142,173,174,182,191,221,273,395,400,403,405,409,415,477,495,
39,55,67,72,73,112,123,142,150,205,231,238,274,281,336,371,420,442,454,477,
3,25,38,53,67,71,73,92,111,112,154,176,179,188,214,231,286,299,300,302,359,398,414,484,
69,90,112,123,124,127,142,152,160,163,222,234,247,259,266,377,404,423,435,436,443,461,469,471,472,481,491,497,
9,55,61,80,147,168,188,202,204,215,274,284,382,412,420,425,459,470,472,480,481,488,499,
9,19,66,100,104,144,176,185,221,338,371,389,399,410,455,472,486,
25,38,83,87,93,106,111,129,146,147,171,216,260,300,319,338,339,353,374,399,414,451,471,477,486,
33,34,62,69,90,151,171,201,214,236,238,246,300,319,324,336,352,388,432,485,
3,60,86,98,106,137,142,147,159,164,188,238,246,248,254,274,329,354,368,412,420,472,490,492,
11,14,43,63,154,168,192,209,222,266,289,290,297,298,300,307,311,320,353,
14,66,107,108,117,132,146,174,180,212,214,247,354,416,443,446,455,456,481,
14,36,63,95,112,123,124,132,176,178,247,257,290,360,387,437,480,490,
11,35,39,74,87,98,101,140,148,178,209,213,238,283,284,405,472,495,
29,33,47,62,63,71,81,118,127,135,150,155,188,192,221,240,303,306,430,446,454,
21,36,85,96,104,132,141,188,289,293,339,359,374,379,395,425,445,
3,14,16,28,48,62,119,123,140,224,238,277,289,325,416,439,443,445,456,487,491,
17,18,55,68,104,123,146,169,210,221,222,259,322,334,344,347,372,374,402,404,431,441,446,472,
18,33,78,107,108,109,132,146,160,169,247,280,336,344,374,414,416,419,432,442,497,
8,17,24,63,96,116,117,132,139,145,170,179,182,191,214,238,242,319,350,360,377,418,455,459,471,484,487,
28,33,63,101,102,118,119,137,168,192,193,210,219,231,325,344,359,374,402,439,463,473,483,
35,36,38,49,53,55,61,63,86,87,120,138,170,247,289,325,353,360,377,387,405,444,471,
8,29,71,123,132,144,150,168,311,321,413,419,428,444,471,477,484,
4,20,68,104,170,246,258,274,289,295,303,306,337,374,382,416,423,493,
36,62,63,67,72,157,161,201,208,212,224,226,241,247,307,383,397,416,446,488,
79,80,85,122,127,138,139,147,160,170,175,185,192,241,277,291,311,415,430,437,444,480,490,
3,21,33,42,61,68,80,117,119,137,167,188,217,222,224,238,266,312,336,387,395,403,404,410,439,477,496,
8,29,76,95,108,118,148,189,238,284,360,374,383,459,472,487,492,
9,74,94,106,138,179,217,231,261,289,293,307,360,367,371,399,405,456,481,492,
38,47,61,63,67,70,108,114,154,171,172,190,200,222,261,294,338,344,346,402,471,491,
3,8,28,85,100,111,115,132,268,371,377,420,432,486,
14,25,33,36,38,70,81,87,118,183,198,221,302,309,319,326,331,348,375,432,455,
14,25,35,40,48,127,147,148,231,281,307,319,322,328,335,354,413,424,431,432,451,
9,29,80,98,109,117,136,188,216,233,238,259,335,346,432,444,447,
61,85,111,119,124,150,168,209,213,222,236,260,261,293,371,378,412,420,445,461,473,486,
9,26,36,61,87,96,97,125,147,184,209,237,246,319,330,336,371,377,420,423,432,437,482,
8,36,86,100,116,154,201,207,214,219,231,236,300,374,451,472,490,
11,13,39,81,85,95,127,140,148,151,221,248,281,283,320,371,395,437,442,446,463,495,
21,28,38,43,48,69,81,106,108,145,171,202,238,247,248,277,322,327,456,
11,17,26,48,69,85,87,97,112,117,128,130,140,147,166,170,172,278,286,300,336,413,416,418,420,480,488,
8,49,52,61,63,118,121,127,190,192,281,287,306,364,368,372,377,444,456,
35,43,90,116,126,132,135,222,240,248,257,367,471,
25,29,36,63,87,101,188,192,214,234,247,252,281,338,381,404,477,483,484,
21,27,36,40,53,69,81,87,96,112,132,202,231,246,248,281,300,325,326,339,347,359,368,379,412,420,422,429,448,490,
23,30,43,67,123,132,138,150,211,233,328,344,353,412,416,423,442,443,456,492,
27,68,70,85,109,112,118,121,231,245,281,328,359,378,395,400,432,436,488,
9,33,43,63,67,95,100,107,123,198,200,201,227,281,318,338,416,420,469,491,
79,87,100,142,148,192,213,221,353,360,371,375,425,432,
9,42,78,81,133,208,214,221,234,311,318,344,346,353,374,375,400,403,419,422,424,
11,23,40,80,85,92,130,137,144,217,219,222,347,371,392,402,467,483,493,
63,202,204,247,299,371,375,412,418,462,
11,21,38,112,117,172,201,209,212,238,266,277,306,344,374,400,448,480,481,
0,12,29,33,48,73,93,109,116,126,149,150,190,198,201,237,348,364,367,402,404,438,450,
10,87,107,259,281,302,337,392,456,484,
11,94,158,281,331,344,350,360,362,386,410,439,455,472,
11,27,31,52,76,92,106,127,136,140,148,150,154,246,259,272,277,278,368,418,422,446,463,
63,67,69,72,90,124,132,133,140,149,190,191,213,226,235,255,318,359,371,401,442,453,471,493,
17,60,69,100,107,116,146,193,221,306,316,340,360,375,395,
39,62,72,73,78,87,90,95,142,146,155,156,222,246,260,281,289,319,322,329,356,371,395,424,425,428,430,442,444,456,471,472,481,
8,31,39,100,101,117,119,123,132,168,221,235,246,293,334,371,413,444,477,
9,69,71,87,117,127,160,231,234,307,353,402,414,417,488,
23,67,124,132,146,221,246,277,299,388,399,419,444,456,478,
23,25,32,72,80,106,116,123,142,144,159,160,245,252,257,283,286,306,318,319,336,360,371,405,409,414,446,477,
6,35,69,102,159,169,178,188,281,284,289,318,402,416,428,430,435,438,477,
14,21,29,35,48,55,61,137,149,159,160,182,190,199,274,337,399,402,406,420,463,487,493,
26,47,63,68,69,72,150,192,217,263,277,281,285,293,339,374,375,379,414,441,447,456,
10,21,28,29,34,51,77,87,95,102,109,123,132,178,191,192,204,229,235,266,283,295,334,337,357,400,404,405,414,432,444,456,471,
9,38,116,144,171,209,224,289,339,368,371,374,412,495,
8,102,106,116,119,146,154,169,186,192,210,222,259,325,329,339,373,385,409,484,
25,30,38,49,61,89,106,117,137,168,171,250,259,316,319,371,377,402,459,465,471,486,488,497,
4,8,17,66,78,81,85,104,145,170,178,185,192,219,240,247,267,336,367,417,429,430,463,471,482,
