         1          1         23
         1          1         31
         1          1        136
         1          1        146
         1          1        155
         1          1        176
         1          1        221
         1          1        222
         1          1        240
         1          1        246
         1          1        247
         1          1        259
         1          1        274
         1          1        284
         1          1        292
         1          1        296
         1          1        314
         1          1        318
         1          1        322
         1          1        326
         1          1        360
         1          1        368
         1          1        388
         1          1        399
         1          1        420
         2          2         14
         2          2         21
         2          2         26
         2          2         39
         2          2         52
         2          2         78
         2          2        139
         2          2        150
         2          2        173
         2          2        201
         2          2        204
         2          2        259
         2          2        265
         2          2        272
         2          2        316
         2          2        385
         2          2        400
         2          2        432
         2          2        444
         2          2        480
         2          2        481
         2          2        486
         2          2        493
         3          3         34
         3          3         51
         3          3         83
         3          3         89
         3          3        103
         3          3        186
         3          3        192
         3          3        193
         3          3        208
         3          3        213
         3          3        278
         3          3        281
         3          3        318
         3          3        353
         3          3        410
         3          3        412
         3          3        446
         4          4         28
         4          4         29
         4          4         33
         4          4         36
         4          4         40
         4          4         43
         4          4         69
         4          4         73
         4          4        147
         4          4        167
         4          4        169
         4          4        172
         4          4        176
         4          4        214
         4          4        220
         4          4        281
         4          4        318
         4          4        344
         4          4        385
         4          4        420
         4          4        425
         4          4        432
         4          4        482
         5          5          3
         5          5          4
         5          5         15
         5          5         28
         5          5         33
         5          5         48
         5          5         49
         5          5         61
         5          5         66
         5          5         69
         5          5         86
         5          5         95
         5          5        107
         5          5        125
         5          5        160
         5          5        221
         5          5        274
         5          5        293
         5          5        302
         5          5        367
         5          5        439
         5          5        472
         5          5        477
         6          6         51
         6          6         63
         6          6         81
         6          6         85
         6          6        155
         6          6        168
         6          6        205
         6          6        238
         6          6        297
         6          6        371
         6          6        404
         6          6        422
         6          6        423
         6          6        490
         7          7         11
         7          7         21
         7          7         51
         7          7         52
         7          7         63
         7          7         69
         7          7         85
         7          7         87
         7          7        104
         7          7        132
         7          7        289
         7          7        293
         7          7        298
         7          7        299
         7          7        336
         7          7        368
         7          7        395
         7          7        412
         7          7        422
         7          7        455
         7          7        466
         8          8          0
         8          8         51
         8          8         60
         8          8         63
         8          8        191
         8          8        281
         8          8        389
         8          8        404
         9          9         17
         9          9         26
         9          9         76
         9          9         97
         9          9        117
         9          9        127
         9          9        147
         9          9        163
         9          9        191
         9          9        216
         9          9        222
         9          9        260
         9          9        274
         9          9        288
         9          9        335
         9          9        339
         9          9        360
         9          9        372
         9          9        389
         9          9        403
         9          9        456
         9          9        478
        10         10         11
        10         10         40
        10         10         78
        10         10        123
        10         10        167
        10         10        199
        10         10        217
        10         10        219
        10         10        347
        10         10        403
        10         10        467
        10         10        482
        10         10        486
        10         10        493
        11         11          7
        11         11          8
        11         11         14
        11         11         61
        11         11        119
        11         11        132
        11         11        188
        11         11        222
        11         11        233
        11         11        282
        11         11        322
        11         11        371
        11         11        390
        11         11        392
        11         11        409
        11         11        437
        11         11        446
        11         11        451
        11         11        471
        11         11        490
        11         11        494
        12         12         71
        12         12         87
        12         12        127
        12         12        148
        12         12        210
        12         12        213
        12         12        219
        12         12        222
        12         12        232
        12         12        238
        12         12        259
        12         12        286
        12         12        339
        12         12        353
        12         12        377
        12         12        395
        12         12        402
        12         12        412
        12         12        418
        12         12        419
        12         12        421
        12         12        457
        13         13          9
        13         13         18
        13         13        107
        13         13        140
        13         13        149
        13         13        155
        13         13        192
        13         13        209
        13         13        238
        13         13        283
        13         13        287
        13         13        293
        13         13        306
        13         13        316
        13         13        318
        13         13        399
        13         13        429
        13         13        437
        14         14         18
        14         14         23
        14         14         24
        14         14         29
        14         14         48
        14         14         66
        14         14         74
        14         14         87
        14         14        118
        14         14        132
        14         14        154
        14         14        192
        14         14        201
        14         14        248
        14         14        253
        14         14        259
        14         14        277
        14         14        278
        14         14        311
        14         14        325
        14         14        414
        14         14        419
        14         14        425
        14         14        464
        14         14        472
        15         15          6
        15         15          9
        15         15         17
        15         15         29
        15         15         36
        15         15         38
        15         15         68
        15         15         89
        15         15        107
        15         15        118
        15         15        123
        15         15        127
        15         15        138
        15         15        154
        15         15        182
        15         15        201
        15         15        209
        15         15        238
        15         15        298
        15         15        300
        15         15        360
        15         15        361
        15         15        404
        15         15        437
        15         15        487
        16         16          5
        16         16         21
        16         16         28
        16         16         49
        16         16         50
        16         16         63
        16         16         87
        16         16        107
        16         16        118
        16         16        119
        16         16        127
        16         16        129
        16         16        137
        16         16        145
        16         16        209
        16         16        214
        16         16        219
        16         16        246
        16         16        274
        16         16        283
        16         16        300
        16         16        306
        16         16        318
        16         16        399
        16         16        414
        16         16        416
        16         16        439
        16         16        442
        16         16        460
        16         16        472
        16         16        490
        17         17         33
        17         17         61
        17         17         87
        17         17         95
        17         17        118
        17         17        124
        17         17        127
        17         17        170
        17         17        210
        17         17        238
        17         17        246
        17         17        292
        17         17        293
        17         17        329
        17         17        360
        17         17        371
        17         17        404
        17         17        444
        17         17        455
        17         17        480
        17         17        490
        18         18         48
        18         18         73
        18         18         89
        18         18        119
        18         18        124
        18         18        127
        18         18        139
        18         18        155
        18         18        178
        18         18        191
        18         18        222
        18         18        325
        18         18        371
        18         18        385
        18         18        419
        18         18        473
        19         19         63
        19         19        106
        19         19        137
        19         19        138
        19         19        154
        19         19        166
        19         19        246
        19         19        293
        19         19        322
        19         19        326
        19         19        365
        19         19        371
        19         19        392
        19         19        414
        19         19        432
        19         19        488
        20         20         38
        20         20         63
        20         20         89
        20         20        100
        20         20        123
        20         20        146
        20         20        148
        20         20        217
        20         20        221
        20         20        234
        20         20        247
        20         20        248
        20         20        274
        20         20        278
        20         20        295
        20         20        318
        20         20        319
        20         20        338
        20         20        347
        20         20        360
        20         20        364
        20         20        374
        20         20        414
        20         20        420
        20         20        425
        20         20        444
        20         20        464
        20         20        467
        20         20        486
        20         20        493
        21         21          8
        21         21         17
        21         21        147
        21         21        154
        21         21        175
        21         21        219
        21         21        243
        21         21        331
        21         21        353
        21         21        368
        21         21        395
        21         21        399
        21         21        416
        21         21        418
        21         21        432
        21         21        456
        21         21        457
        21         21        486
        22         22         33
        22         22         40
        22         22         87
        22         22        117
        22         22        119
        22         22        146
        22         22        152
        22         22        159
        22         22        167
        22         22        172
        22         22        199
        22         22        214
        22         22        220
        22         22        236
        22         22        277
        22         22        325
        22         22        331
        22         22        395
        22         22        402
        22         22        423
        22         22        438
        22         22        444
        23         23         38
        23         23         63
        23         23         80
        23         23        112
        23         23        133
        23         23        140
        23         23        143
        23         23        147
        23         23        160
        23         23        191
        23         23        236
        23         23        261
        23         23        318
        23         23        325
        23         23        371
        23         23        388
        23         23        416
        23         23        442
        23         23        446
        23         23        464
        23         23        471
        23         23        472
        23         23        477
        24         24         10
        24         24         26
        24         24         34
        24         24         36
        24         24         43
        24         24         61
        24         24         63
        24         24         87
        24         24        103
        24         24        108
        24         24        112
        24         24        168
        24         24        188
        24         24        222
        24         24        229
        24         24        242
        24         24        247
        24         24        259
        24         24        291
        24         24        316
        24         24        321
        24         24        336
        24         24        372
        24         24        405
        24         24        412
        24         24        416
        24         24        420
        24         24        429
        24         24        480
        25         25          9
        25         25         36
        25         25         62
        25         25         78
        25         25        100
        25         25        138
        25         25        148
        25         25        150
        25         25        171
        25         25        201
        25         25        286
        25         25        316
        25         25        339
        25         25        353
        25         25        384
        25         25        398
        25         25        425
        25         25        493
        26         26          4
        26         26         12
        26         26         38
        26         26         73
        26         26        101
        26         26        117
        26         26        140
        26         26        142
        26         26        163
        26         26        192
        26         26        209
        26         26        231
        26         26        238
        26         26        247
        26         26        277
        26         26        281
        26         26        285
        26         26        318
        26         26        319
        26         26        340
        26         26        356
        26         26        360
        26         26        395
        26         26        403
        26         26        424
        26         26        437
        26         26        459
        26         26        467
        26         26        472
        26         26        482
        26         26        487
        27         27         10
        27         27         11
        27         27         31
        27         27         38
        27         27         55
        27         27         81
        27         27        120
        27         27        182
        27         27        227
        27         27        241
        27         27        316
        27         27        368
        27         27        372
        27         27        374
        27         27        395
        27         27        409
        27         27        432
        27         27        455
        27         27        472
        27         27        486
        28         28          9
        28         28         16
        28         28         28
        28         28         39
        28         28         48
        28         28         60
        28         28         61
        28         28        132
        28         28        159
        28         28        198
        28         28        206
        28         28        227
        28         28        233
        28         28        234
        28         28        274
        28         28        335
        28         28        337
        28         28        402
        28         28        404
        28         28        412
        28         28        461
        28         28        488
        29         29          3
        29         29         29
        29         29         63
        29         29         80
        29         29        117
        29         29        130
        29         29        163
        29         29        166
        29         29        178
        29         29        191
        29         29        231
        29         29        336
        29         29        346
        29         29        371
        29         29        374
        29         29        377
        29         29        397
        29         29        416
        29         29        425
        29         29        431
        29         29        442
        29         29        465
        30         30         14
        30         30         59
        30         30         67
        30         30        100
        30         30        103
        30         30        111
        30         30        117
        30         30        124
        30         30        152
        30         30        154
        30         30        155
        30         30        233
        30         30        385
        30         30        400
        30         30        416
        30         30        432
        30         30        451
        30         30        482
        30         30        490
        30         30        491
        31         31         28
        31         31         43
        31         31         63
        31         31         78
        31         31         80
        31         31        104
        31         31        107
        31         31        128
        31         31        135
        31         31        142
        31         31        173
        31         31        174
        31         31        182
        31         31        191
        31         31        221
        31         31        273
        31         31        395
        31         31        400
        31         31        403
        31         31        405
        31         31        409
        31         31        415
        31         31        477
        31         31        495
        32         32         39
        32         32         55
        32         32         67
        32         32         72
        32         32         73
        32         32        112
        32         32        123
        32         32        142
        32         32        150
        32         32        205
        32         32        231
        32         32        238
        32         32        274
        32         32        281
        32         32        336
        32         32        371
        32         32        420
        32         32        442
        32         32        454
        32         32        477
        33         33          3
        33         33         25
        33         33         38
        33         33         53
        33         33         67
        33         33         71
        33         33         73
        33         33         92
        33         33        111
        33         33        112
        33         33        154
        33         33        176
        33         33        179
        33         33        188
        33         33        214
        33         33        231
        33         33        286
        33         33        299
        33         33        300
        33         33        302
        33         33        359
        33         33        398
        33         33        414
        33         33        484
        34         34         69
        34         34         90
        34         34        112
        34         34        123
        34         34        124
        34         34        127
        34         34        142
        34         34        152
        34         34        160
        34         34        163
        34         34        222
        34         34        234
        34         34        247
        34         34        259
        34         34        266
        34         34        377
        34         34        404
        34         34        423
        34         34        435
        34         34        436
        34         34        443
        34         34        461
        34         34        469
        34         34        471
        34         34        472
        34         34        481
        34         34        491
        34         34        497
        35         35          9
        35         35         55
        35         35         61
        35         35         80
        35         35        147
        35         35        168
        35         35        188
        35         35        202
        35         35        204
        35         35        215
        35         35        274
        35         35        284
        35         35        382
        35         35        412
        35         35        420
        35         35        425
        35         35        459
        35         35        470
        35         35        472
        35         35        480
        35         35        481
        35         35        488
        35         35        499
        36         36          9
        36         36         19
        36         36         66
        36         36        100
        36         36        104
        36         36        144
        36         36        176
        36         36        185
        36         36        221
        36         36        338
        36         36        371
        36         36        389
        36         36        399
        36         36        410
        36         36        455
        36         36        472
        36         36        486
        37         37         25
        37         37         38
        37         37         83
        37         37         87
        37         37         93
        37         37        106
        37         37        111
        37         37        129
        37         37        146
        37         37        147
        37         37        171
        37         37        216
        37         37        260
        37         37        300
        37         37        319
        37         37        338
        37         37        339
        37         37        353
        37         37        374
        37         37        399
        37         37        414
        37         37        451
        37         37        471
        37         37        477
        37         37        486
        38         38         33
        38         38         34
        38         38         62
        38         38         69
        38         38         90
        38         38        151
        38         38        171
        38         38        201
        38         38        214
        38         38        236
        38         38        238
        38         38        246
        38         38        300
        38         38        319
        38         38        324
        38         38        336
        38         38        352
        38         38        388
        38         38        432
        38         38        485
        39         39          3
        39         39         60
        39         39         86
        39         39         98
        39         39        106
        39         39        137
        39         39        142
        39         39        147
        39         39        159
        39         39        164
        39         39        188
        39         39        238
        39         39        246
        39         39        248
        39         39        254
        39         39        274
        39         39        329
        39         39        354
        39         39        368
        39         39        412
        39         39        420
        39         39        472
        39         39        490
        39         39        492
        40         40         11
        40         40         14
        40         40         43
        40         40         63
        40         40        154
        40         40        168
        40         40        192
        40         40        209
        40         40        222
        40         40        266
        40         40        289
        40         40        290
        40         40        297
        40         40        298
        40         40        300
        40         40        307
        40         40        311
        40         40        320
        40         40        353
        41         41         14
        41         41         66
        41         41        107
        41         41        108
        41         41        117
        41         41        132
        41         41        146
        41         41        174
        41         41        180
        41         41        212
        41         41        214
        41         41        247
        41         41        354
        41         41        416
        41         41        443
        41         41        446
        41         41        455
        41         41        456
        41         41        481
        42         42         14
        42         42         36
        42         42         63
        42         42         95
        42         42        112
        42         42        123
        42         42        124
        42         42        132
        42         42        176
        42         42        178
        42         42        247
        42         42        257
        42         42        290
        42         42        360
        42         42        387
        42         42        437
        42         42        480
        42         42        490
        43         43         11
        43         43         35
        43         43         39
        43         43         74
        43         43         87
        43         43         98
        43         43        101
        43         43        140
        43         43        148
        43         43        178
        43         43        209
        43         43        213
        43         43        238
        43         43        283
        43         43        284
        43         43        405
        43         43        472
        43         43        495
        44         44         29
        44         44         33
        44         44         47
        44         44         62
        44         44         63
        44         44         71
        44         44         81
        44         44        118
        44         44        127
        44         44        135
        44         44        150
        44         44        155
        44         44        188
        44         44        192
        44         44        221
        44         44        240
        44         44        303
        44         44        306
        44         44        430
        44         44        446
        44         44        454
        45         45         21
        45         45         36
        45         45         85
        45         45         96
        45         45        104
        45         45        132
        45         45        141
        45         45        188
        45         45        289
        45         45        293
        45         45        339
        45         45        359
        45         45        374
        45         45        379
        45         45        395
        45         45        425
        45         45        445
        46         46          3
        46         46         14
        46         46         16
        46         46         28
        46         46         48
        46         46         62
        46         46        119
        46         46        123
        46         46        140
        46         46        224
        46         46        238
        46         46        277
        46         46        289
        46         46        325
        46         46        416
        46         46        439
        46         46        443
        46         46        445
        46         46        456
        46         46        487
        46         46        491
        47         47         17
        47         47         18
        47         47         55
        47         47         68
        47         47        104
        47         47        123
        47         47        146
        47         47        169
        47         47        210
        47         47        221
        47         47        222
        47         47        259
        47         47        322
        47         47        334
        47         47        344
        47         47        347
        47         47        372
        47         47        374
        47         47        402
        47         47        404
        47         47        431
        47         47        441
        47         47        446
        47         47        472
        48         48         18
        48         48         33
        48         48         78
        48         48        107
        48         48        108
        48         48        109
        48         48        132
        48         48        146
        48         48        160
        48         48        169
        48         48        247
        48         48        280
        48         48        336
        48         48        344
        48         48        374
        48         48        414
        48         48        416
        48         48        419
        48         48        432
        48         48        442
        48         48        497
        49         49          8
        49         49         17
        49         49         24
        49         49         63
        49         49         96
        49         49        116
        49         49        117
        49         49        132
        49         49        139
        49         49        145
        49         49        170
        49         49        179
        49         49        182
        49         49        191
        49         49        214
        49         49        238
        49         49        242
        49         49        319
        49         49        350
        49         49        360
        49         49        377
        49         49        418
        49         49        455
        49         49        459
        49         49        471
        49         49        484
        49         49        487
        50         50         28
        50         50         33
        50         50         63
        50         50        101
        50         50        102
        50         50        118
        50         50        119
        50         50        137
        50         50        168
        50         50        192
        50         50        193
        50         50        210
        50         50        219
        50         50        231
        50         50        325
        50         50        344
        50         50        359
        50         50        374
        50         50        402
        50         50        439
        50         50        463
        50         50        473
        50         50        483
        51         51         35
        51         51         36
        51         51         38
        51         51         49
        51         51         53
        51         51         55
        51         51         61
        51         51         63
        51         51         86
        51         51         87
        51         51        120
        51         51        138
        51         51        170
        51         51        247
        51         51        289
        51         51        325
        51         51        353
        51         51        360
        51         51        377
        51         51        387
        51         51        405
        51         51        444
        51         51        471
        52         52          8
        52         52         29
        52         52         71
        52         52        123
        52         52        132
        52         52        144
        52         52        150
        52         52        168
        52         52        311
        52         52        321
        52         52        413
        52         52        419
        52         52        428
        52         52        444
        52         52        471
        52         52        477
        52         52        484
        53         53          4
        53         53         20
        53         53         68
        53         53        104
        53         53        170
        53         53        246
        53         53        258
        53         53        274
        53         53        289
        53         53        295
        53         53        303
        53         53        306
        53         53        337
        53         53        374
        53         53        382
        53         53        416
        53         53        423
        53         53        493
        54         54         36
        54         54         62
        54         54         63
        54         54         67
        54         54         72
        54         54        157
        54         54        161
        54         54        201
        54         54        208
        54         54        212
        54         54        224
        54         54        226
        54         54        241
        54         54        247
        54         54        307
        54         54        383
        54         54        397
        54         54        416
        54         54        446
        54         54        488
        55         55         79
        55         55         80
        55         55         85
        55         55        122
        55         55        127
        55         55        138
        55         55        139
        55         55        147
        55         55        160
        55         55        170
        55         55        175
        55         55        185
        55         55        192
        55         55        241
        55         55        277
        55         55        291
        55         55        311
        55         55        415
        55         55        430
        55         55        437
        55         55        444
        55         55        480
        55         55        490
        56         56          3
        56         56         21
        56         56         33
        56         56         42
        56         56         61
        56         56         68
        56         56         80
        56         56        117
        56         56        119
        56         56        137
        56         56        167
        56         56        188
        56         56        217
        56         56        222
        56         56        224
        56         56        238
        56         56        266
        56         56        312
        56         56        336
        56         56        387
        56         56        395
        56         56        403
        56         56        404
        56         56        410
        56         56        439
        56         56        477
        56         56        496
        57         57          8
        57         57         29
        57         57         76
        57         57         95
        57         57        108
        57         57        118
        57         57        148
        57         57        189
        57         57        238
        57         57        284
        57         57        360
        57         57        374
        57         57        383
        57         57        459
        57         57        472
        57         57        487
        57         57        492
        58         58          9
        58         58         74
        58         58         94
        58         58        106
        58         58        138
        58         58        179
        58         58        217
        58         58        231
        58         58        261
        58         58        289
        58         58        293
        58         58        307
        58         58        360
        58         58        367
        58         58        371
        58         58        399
        58         58        405
        58         58        456
        58         58        481
        58         58        492
        59         59         38
        59         59         47
        59         59         61
        59         59         63
        59         59         67
        59         59         70
        59         59        108
        59         59        114
        59         59        154
        59         59        171
        59         59        172
        59         59        190
        59         59        200
        59         59        222
        59         59        261
        59         59        294
        59         59        338
        59         59        344
        59         59        346
        59         59        402
        59         59        471
        59         59        491
        60         60          3
        60         60          8
        60         60         28
        60         60         85
        60         60        100
        60         60        111
        60         60        115
        60         60        132
        60         60        268
        60         60        371
        60         60        377
        60         60        420
        60         60        432
        60         60        486
        61         61         14
        61         61         25
        61         61         33
        61         61         36
        61         61         38
        61         61         70
        61         61         81
        61         61         87
        61         61        118
        61         61        183
        61         61        198
        61         61        221
        61         61        302
        61         61        309
        61         61        319
        61         61        326
        61         61        331
        61         61        348
        61         61        375
        61         61        432
        61         61        455
        62         62         14
        62         62         25
        62         62         35
        62         62         40
        62         62         48
        62         62        127
        62         62        147
        62         62        148
        62         62        231
        62         62        281
        62         62        307
        62         62        319
        62         62        322
        62         62        328
        62         62        335
        62         62        354
        62         62        413
        62         62        424
        62         62        431
        62         62        432
        62         62        451
        63         63          9
        63         63         29
        63         63         80
        63         63         98
        63         63        109
        63         63        117
        63         63        136
        63         63        188
        63         63        216
        63         63        233
        63         63        238
        63         63        259
        63         63        335
        63         63        346
        63         63        432
        63         63        444
        63         63        447
        64         64         61
        64         64         85
        64         64        111
        64         64        119
        64         64        124
        64         64        150
        64         64        168
        64         64        209
        64         64        213
        64         64        222
        64         64        236
        64         64        260
        64         64        261
        64         64        293
        64         64        371
        64         64        378
        64         64        412
        64         64        420
        64         64        445
        64         64        461
        64         64        473
        64         64        486
        65         65          9
        65         65         26
        65         65         36
        65         65         61
        65         65         87
        65         65         96
        65         65         97
        65         65        125
        65         65        147
        65         65        184
        65         65        209
        65         65        237
        65         65        246
        65         65        319
        65         65        330
        65         65        336
        65         65        371
        65         65        377
        65         65        420
        65         65        423
        65         65        432
        65         65        437
        65         65        482
        66         66          8
        66         66         36
        66         66         86
        66         66        100
        66         66        116
        66         66        154
        66         66        201
        66         66        207
        66         66        214
        66         66        219
        66         66        231
        66         66        236
        66         66        300
        66         66        374
        66         66        451
        66         66        472
        66         66        490
        67         67         11
        67         67         13
        67         67         39
        67         67         81
        67         67         85
        67         67         95
        67         67        127
        67         67        140
        67         67        148
        67         67        151
        67         67        221
        67         67        248
        67         67        281
        67         67        283
        67         67        320
        67         67        371
        67         67        395
        67         67        437
        67         67        442
        67         67        446
        67         67        463
        67         67        495
        68         68         21
        68         68         28
        68         68         38
        68         68         43
        68         68         48
        68         68         69
        68         68         81
        68         68        106
        68         68        108
        68         68        145
        68         68        171
        68         68        202
        68         68        238
        68         68        247
        68         68        248
        68         68        277
        68         68        322
        68         68        327
        68         68        456
        69         69         11
        69         69         17
        69         69         26
        69         69         48
        69         69         69
        69         69         85
        69         69         87
        69         69         97
        69         69        112
        69         69        117
        69         69        128
        69         69        130
        69         69        140
        69         69        147
        69         69        166
        69         69        170
        69         69        172
        69         69        278
        69         69        286
        69         69        300
        69         69        336
        69         69        413
        69         69        416
        69         69        418
        69         69        420
        69         69        480
        69         69        488
        70         70          8
        70         70         49
        70         70         52
        70         70         61
        70         70         63
        70         70        118
        70         70        121
        70         70        127
        70         70        190
        70         70        192
        70         70        281
        70         70        287
        70         70        306
        70         70        364
        70         70        368
        70         70        372
        70         70        377
        70         70        444
        70         70        456
        71         71         35
        71         71         43
        71         71         90
        71         71        116
        71         71        126
        71         71        132
        71         71        135
        71         71        222
        71         71        240
        71         71        248
        71         71        257
        71         71        367
        71         71        471
        72         72         25
        72         72         29
        72         72         36
        72         72         63
        72         72         87
        72         72        101
        72         72        188
        72         72        192
        72         72        214
        72         72        234
        72         72        247
        72         72        252
        72         72        281
        72         72        338
        72         72        381
        72         72        404
        72         72        477
        72         72        483
        72         72        484
        73         73         21
        73         73         27
        73         73         36
        73         73         40
        73         73         53
        73         73         69
        73         73         81
        73         73         87
        73         73         96
        73         73        112
        73         73        132
        73         73        202
        73         73        231
        73         73        246
        73         73        248
        73         73        281
        73         73        300
        73         73        325
        73         73        326
        73         73        339
        73         73        347
        73         73        359
        73         73        368
        73         73        379
        73         73        412
        73         73        420
        73         73        422
        73         73        429
        73         73        448
        73         73        490
        74         74         23
        74         74         30
        74         74         43
        74         74         67
        74         74        123
        74         74        132
        74         74        138
        74         74        150
        74         74        211
        74         74        233
        74         74        328
        74         74        344
        74         74        353
        74         74        412
        74         74        416
        74         74        423
        74         74        442
        74         74        443
        74         74        456
        74         74        492
        75         75         27
        75         75         68
        75         75         70
        75         75         85
        75         75        109
        75         75        112
        75         75        118
        75         75        121
        75         75        231
        75         75        245
        75         75        281
        75         75        328
        75         75        359
        75         75        378
        75         75        395
        75         75        400
        75         75        432
        75         75        436
        75         75        488
        76         76          9
        76         76         33
        76         76         43
        76         76         63
        76         76         67
        76         76         95
        76         76        100
        76         76        107
        76         76        123
        76         76        198
        76         76        200
        76         76        201
        76         76        227
        76         76        281
        76         76        318
        76         76        338
        76         76        416
        76         76        420
        76         76        469
        76         76        491
        77         77         79
        77         77         87
        77         77        100
        77         77        142
        77         77        148
        77         77        192
        77         77        213
        77         77        221
        77         77        353
        77         77        360
        77         77        371
        77         77        375
        77         77        425
        77         77        432
        78         78          9
        78         78         42
        78         78         78
        78         78         81
        78         78        133
        78         78        208
        78         78        214
        78         78        221
        78         78        234
        78         78        311
        78         78        318
        78         78        344
        78         78        346
        78         78        353
        78         78        374
        78         78        375
        78         78        400
        78         78        403
        78         78        419
        78         78        422
        78         78        424
        79         79         11
        79         79         23
        79         79         40
        79         79         80
        79         79         85
        79         79         92
        79         79        130
        79         79        137
        79         79        144
        79         79        217
        79         79        219
        79         79        222
        79         79        347
        79         79        371
        79         79        392
        79         79        402
        79         79        467
        79         79        483
        79         79        493
        80         80         63
        80         80        202
        80         80        204
        80         80        247
        80         80        299
        80         80        371
        80         80        375
        80         80        412
        80         80        418
        80         80        462
        81         81         11
        81         81         21
        81         81         38
        81         81        112
        81         81        117
        81         81        172
        81         81        201
        81         81        209
        81         81        212
        81         81        238
        81         81        266
        81         81        277
        81         81        306
        81         81        344
        81         81        374
        81         81        400
        81         81        448
        81         81        480
        81         81        481
        82         82          0
        82         82         12
        82         82         29
        82         82         33
        82         82         48
        82         82         73
        82         82         93
        82         82        109
        82         82        116
        82         82        126
        82         82        149
        82         82        150
        82         82        190
        82         82        198
        82         82        201
        82         82        237
        82         82        348
        82         82        364
        82         82        367
        82         82        402
        82         82        404
        82         82        438
        82         82        450
        83         83         10
        83         83         87
        83         83        107
        83         83        259
        83         83        281
        83         83        302
        83         83        337
        83         83        392
        83         83        456
        83         83        484
        84         84         11
        84         84         94
        84         84        158
        84         84        281
        84         84        331
        84         84        344
        84         84        350
        84         84        360
        84         84        362
        84         84        386
        84         84        410
        84         84        439
        84         84        455
        84         84        472
        85         85         11
        85         85         27
        85         85         31
        85         85         52
        85         85         76
        85         85         92
        85         85        106
        85         85        127
        85         85        136
        85         85        140
        85         85        148
        85         85        150
        85         85        154
        85         85        246
        85         85        259
        85         85        272
        85         85        277
        85         85        278
        85         85        368
        85         85        418
        85         85        422
        85         85        446
        85         85        463
        86         86         63
        86         86         67
        86         86         69
        86         86         72
        86         86         90
        86         86        124
        86         86        132
        86         86        133
        86         86        140
        86         86        149
        86         86        190
        86         86        191
        86         86        213
        86         86        226
        86         86        235
        86         86        255
        86         86        318
        86         86        359
        86         86        371
        86         86        401
        86         86        442
        86         86        453
        86         86        471
        86         86        493
        87         87         17
        87         87         60
        87         87         69
        87         87        100
        87         87        107
        87         87        116
        87         87        146
        87         87        193
        87         87        221
        87         87        306
        87         87        316
        87         87        340
        87         87        360
        87         87        375
        87         87        395
        88         88         39
        88         88         62
        88         88         72
        88         88         73
        88         88         78
        88         88         87
        88         88         90
        88         88         95
        88         88        142
        88         88        146
        88         88        155
        88         88        156
        88         88        222
        88         88        246
        88         88        260
        88         88        281
        88         88        289
        88         88        319
        88         88        322
        88         88        329
        88         88        356
        88         88        371
        88         88        395
        88         88        424
        88         88        425
        88         88        428
        88         88        430
        88         88        442
        88         88        444
        88         88        456
        88         88        471
        88         88        472
        88         88        481
        89         89          8
        89         89         31
        89         89         39
        89         89        100
        89         89        101
        89         89        117
        89         89        119
        89         89        123
        89         89        132
        89         89        168
        89         89        221
        89         89        235
        89         89        246
        89         89        293
        89         89        334
        89         89        371
        89         89        413
        89         89        444
        89         89        477
        90         90          9
        90         90         69
        90         90         71
        90         90         87
        90         90        117
        90         90        127
        90         90        160
        90         90        231
        90         90        234
        90         90        307
        90         90        353
        90         90        402
        90         90        414
        90         90        417
        90         90        488
        91         91         23
        91         91         67
        91         91        124
        91         91        132
        91         91        146
        91         91        221
        91         91        246
        91         91        277
        91         91        299
        91         91        388
        91         91        399
        91         91        419
        91         91        444
        91         91        456
        91         91        478
        92         92         23
        92         92         25
        92         92         32
        92         92         72
        92         92         80
        92         92        106
        92         92        116
        92         92        123
        92         92        142
        92         92        144
        92         92        159
        92         92        160
        92         92        245
        92         92        252
        92         92        257
        92         92        283
        92         92        286
        92         92        306
        92         92        318
        92         92        319
        92         92        336
        92         92        360
        92         92        371
        92         92        405
        92         92        409
        92         92        414
        92         92        446
        92         92        477
        93         93          6
        93         93         35
        93         93         69
        93         93        102
        93         93        159
        93         93        169
        93         93        178
        93         93        188
        93         93        281
        93         93        284
        93         93        289
        93         93        318
        93         93        402
        93         93        416
        93         93        428
        93         93        430
        93         93        435
        93         93        438
        93         93        477
        94         94         14
        94         94         21
        94         94         29
        94         94         35
        94         94         48
        94         94         55
        94         94         61
        94         94        137
        94         94        149
        94         94        159
        94         94        160
        94         94        182
        94         94        190
        94         94        199
        94         94        274
        94         94        337
        94         94        399
        94         94        402
        94         94        406
        94         94        420
        94         94        463
        94         94        487
        94         94        493
        95         95         26
        95         95         47
        95         95         63
        95         95         68
        95         95         69
        95         95         72
        95         95        150
        95         95        192
        95         95        217
        95         95        263
        95         95        277
        95         95        281
        95         95        285
        95         95        293
        95         95        339
        95         95        374
        95         95        375
        95         95        379
        95         95        414
        95         95        441
        95         95        447
        95         95        456
        96         96         10
        96         96         21
        96         96         28
        96         96         29
        96         96         34
        96         96         51
        96         96         77
        96         96         87
        96         96         95
        96         96        102
        96         96        109
        96         96        123
        96         96        132
        96         96        178
        96         96        191
        96         96        192
        96         96        204
        96         96        229
        96         96        235
        96         96        266
        96         96        283
        96         96        295
        96         96        334
        96         96        337
        96         96        357
        96         96        400
        96         96        404
        96         96        405
        96         96        414
        96         96        432
        96         96        444
        96         96        456
        96         96        471
        97         97          9
        97         97         38
        97         97        116
        97         97        144
        97         97        171
        97         97        209
        97         97        224
        97         97        289
        97         97        339
        97         97        368
        97         97        371
        97         97        374
        97         97        412
        97         97        495
        98         98          8
        98         98        102
        98         98        106
        98         98        116
        98         98        119
        98         98        146
        98         98        154
        98         98        169
        98         98        186
        98         98        192
        98         98        210
        98         98        222
        98         98        259
        98         98        325
        98         98        329
        98         98        339
        98         98        373
        98         98        385
        98         98        409
        98         98        484
        99         99         25
        99         99         30
        99         99         38
        99         99         49
        99         99         61
        99         99         89
        99         99        106
        99         99        117
        99         99        137
        99         99        168
        99         99        171
        99         99        250
        99         99        259
        99         99        316
        99         99        319
        99         99        371
        99         99        377
        99         99        402
        99         99        459
        99         99        465
        99         99        471
        99         99        486
        99         99        488
        99         99        497
       100        100          4
       100        100          8
       100        100         17
       100        100         66
       100        100         78
       100        100         81
       100        100         85
       100        100        104
       100        100        145
       100        100        170
       100        100        178
       100        100        185
       100        100        192
       100        100        219
       100        100        240
       100        100        247
       100        100        267
       100        100        336
       100        100        367
       100        100        417
       100        100        429
       100        100        430
       100        100        463
       100        100        471
       100        100        482
