0,4,5,6,8,9,11,14,17,18,34,35,36,38,39,40,41,42,43,45,47,49,50,51,52,53,55,59,61,62,63,67,69,71,73,74,78,80,81,83,85,87,93,94,97,
0,4,5,7,8,10,11,12,13,14,17,18,20,21,23,25,26,29,36,38,40,42,43,45,48,50,57,60,62,63,69,71,72,73,80,83,84,85,86,91,92,93,95,96,
0,3,5,6,7,11,12,13,14,17,18,19,21,23,25,32,33,38,39,40,43,47,52,57,60,61,62,63,67,68,69,70,71,74,75,79,80,81,83,87,89,
0,3,4,7,9,12,15,17,21,26,28,29,31,33,36,38,40,43,45,47,48,61,62,63,65,69,71,72,73,74,78,81,83,85,86,87,89,93,95,96,97,
1,3,5,6,8,11,14,17,20,21,26,28,29,31,33,35,36,38,39,40,41,42,43,48,51,52,57,59,61,62,63,66,69,70,77,80,81,82,83,85,86,89,90,95,
5,7,14,21,26,28,31,33,35,36,43,45,50,61,62,63,69,77,80,81,83,86,87,88,91,96,
3,8,11,12,13,17,20,21,23,25,28,29,31,33,35,36,38,40,43,47,48,50,51,59,62,63,66,67,70,71,72,73,74,81,83,85,87,89,92,93,95,97,
13,21,23,29,36,42,43,45,46,51,57,63,68,69,70,72,74,77,81,83,85,89,95,97,
3,7,8,12,13,17,21,25,27,28,34,35,36,38,39,40,43,45,47,48,49,51,52,57,63,66,67,68,69,71,72,74,78,80,81,82,83,84,85,86,87,89,91,93,95,
3,8,10,12,13,14,17,26,28,35,36,38,41,48,51,57,61,62,63,69,73,76,81,85,86,87,89,90,97,
0,3,8,9,11,12,17,24,28,34,36,38,40,42,47,48,49,55,60,61,63,68,69,71,72,74,78,80,85,87,88,89,90,91,92,93,95,
0,4,5,7,8,9,10,11,13,14,17,23,25,26,27,28,29,33,34,36,38,40,46,47,48,55,63,67,68,69,71,72,73,75,76,78,79,80,81,83,85,87,89,92,93,95,97,98,
0,7,9,11,14,16,17,22,25,27,28,29,36,38,39,43,48,53,57,60,61,63,68,69,76,80,81,83,84,86,87,89,92,93,
3,5,11,12,14,17,23,25,31,36,38,39,40,41,42,43,46,47,48,51,52,53,57,61,68,71,72,73,74,76,78,80,81,83,85,87,88,89,90,91,93,95,99,
7,8,9,11,12,14,18,19,20,22,23,25,27,33,35,36,38,39,40,42,43,48,50,51,52,55,63,66,67,68,69,71,72,74,78,81,83,85,87,90,91,92,93,94,95,97,
3,4,8,9,10,11,12,13,14,17,20,21,23,24,25,26,28,29,33,34,35,36,38,39,40,43,46,47,48,49,51,53,61,62,63,69,73,74,80,81,85,86,87,90,93,96,98,
0,4,5,6,7,8,11,12,19,25,28,29,33,35,38,39,45,46,47,48,57,61,62,63,66,69,72,73,75,78,80,83,85,86,87,90,95,97,
3,5,8,11,14,17,23,25,26,28,29,33,35,36,38,39,43,52,59,63,67,68,69,72,73,78,80,81,83,85,87,95,99,
3,6,7,8,9,11,12,13,17,19,21,24,28,29,34,35,36,38,40,43,45,48,51,61,63,66,67,69,72,73,78,81,85,86,87,88,89,90,93,94,
0,5,6,8,9,12,13,14,17,19,25,28,29,31,35,36,38,39,40,41,42,43,47,48,49,51,52,53,55,59,61,62,63,68,72,73,76,80,81,82,83,84,85,86,87,93,95,96,97,98,
3,8,17,23,25,26,28,35,36,38,39,43,47,48,52,61,62,63,69,70,71,72,73,74,75,77,80,87,90,93,95,97,
0,3,4,7,8,9,10,12,13,14,16,17,19,21,24,26,27,28,33,36,38,39,40,47,52,54,62,63,66,68,69,71,73,78,83,85,90,95,97,
3,4,7,8,9,12,17,19,21,23,26,28,29,31,34,36,38,39,40,42,43,46,47,48,52,60,61,62,63,66,67,69,71,72,73,81,85,86,87,88,95,
3,4,6,7,8,9,10,11,12,15,17,18,19,20,23,25,28,33,35,36,38,39,41,42,43,45,46,48,49,51,52,60,61,63,65,67,68,71,72,73,74,83,85,86,87,89,90,92,93,94,97,
3,5,8,10,11,13,14,21,22,28,29,31,33,34,36,38,40,43,47,49,50,51,59,60,61,63,68,70,71,72,73,80,81,87,89,90,93,95,
5,6,7,8,9,10,11,12,14,15,16,18,19,21,23,24,26,27,28,29,33,34,35,36,38,39,41,43,48,49,50,51,60,61,63,66,67,68,69,71,73,74,78,81,83,84,85,86,87,93,95,97,
3,7,8,10,13,14,17,21,23,26,27,28,29,34,35,36,40,41,42,43,45,46,48,60,63,69,71,72,78,79,81,83,85,89,94,97,
0,3,4,5,6,8,9,11,13,17,19,22,23,27,28,29,33,35,36,38,39,40,41,42,43,46,47,48,49,51,53,57,62,63,67,69,71,72,74,78,81,83,86,87,88,89,93,97,
3,5,7,8,11,13,17,21,22,25,26,28,29,31,34,35,36,38,40,41,43,47,48,51,52,55,59,60,63,67,68,69,70,71,73,74,78,80,83,86,87,89,94,97,
5,9,11,12,14,15,17,21,23,28,29,36,38,40,46,47,49,51,52,61,63,65,66,67,69,71,72,74,75,85,86,87,89,90,
3,8,9,13,14,16,17,20,21,24,28,29,31,33,34,36,38,43,46,47,48,50,57,60,62,63,67,69,70,71,74,78,81,83,85,87,93,95,
3,6,7,8,10,14,15,17,25,28,29,36,38,39,49,50,51,52,60,61,62,63,68,69,70,71,73,74,77,78,80,81,85,86,87,89,92,93,95,
3,4,6,7,8,11,13,14,15,17,21,24,29,35,36,38,39,40,43,48,53,55,57,60,61,62,67,68,69,72,73,76,78,80,81,83,85,86,87,89,95,97,
3,6,7,8,9,11,17,23,24,25,26,28,34,36,38,39,40,42,43,47,52,54,61,66,67,69,71,72,73,78,80,83,89,94,97,98,
0,7,8,11,12,14,17,18,21,25,28,35,36,38,39,40,45,49,51,52,53,63,68,71,72,78,83,85,87,89,90,93,94,
0,6,8,10,12,14,17,21,23,25,26,28,29,34,36,38,39,41,42,45,47,49,50,52,62,63,66,68,69,73,76,78,81,87,93,97,99,
3,6,8,9,11,24,26,29,33,38,39,42,43,44,47,48,51,54,57,61,62,63,66,67,68,69,72,73,76,77,85,86,87,88,93,
0,7,9,14,17,21,23,28,33,34,35,36,38,39,40,42,47,48,52,55,61,63,66,67,69,70,71,73,80,81,83,84,86,87,93,95,
3,4,5,7,14,17,18,19,22,24,25,26,28,29,32,35,36,38,39,40,43,45,46,48,49,50,51,52,60,61,62,63,67,69,72,73,77,80,81,86,87,91,95,97,
3,7,8,9,17,23,34,36,38,40,45,47,50,57,61,63,67,69,71,80,83,85,87,93,95,96,97,99,
3,8,9,11,14,20,23,26,28,29,35,36,38,40,41,42,43,48,55,62,63,67,69,70,71,73,74,81,83,85,87,89,90,97,98,
3,5,6,7,8,9,11,14,15,17,18,23,28,29,34,35,36,38,39,40,42,43,46,47,49,51,52,53,55,59,63,71,72,73,78,83,85,86,87,88,93,97,
3,6,7,8,9,10,13,14,21,24,26,27,28,33,34,36,38,39,40,42,43,45,47,48,50,51,52,55,62,69,71,75,78,80,83,85,87,94,
4,7,8,9,11,12,14,21,26,28,33,35,36,38,40,44,47,51,52,60,63,66,67,69,71,72,74,76,78,80,81,83,86,87,88,89,92,93,97,99,
0,3,6,8,9,11,14,17,21,23,24,25,28,29,32,33,34,35,36,38,47,48,51,52,53,57,61,62,67,69,71,78,80,83,85,86,87,88,90,93,96,98,
3,7,11,12,15,17,21,28,31,34,35,36,38,39,40,41,42,43,45,47,51,52,61,63,66,68,69,70,73,74,76,78,83,85,87,92,93,94,96,
0,3,5,6,8,11,14,17,18,19,23,24,25,26,28,34,36,38,39,46,47,48,49,50,51,61,62,63,67,68,69,70,71,76,80,81,83,85,86,87,89,90,91,99,
0,3,6,8,9,10,11,14,17,18,19,21,23,25,28,29,31,33,35,36,38,39,40,41,42,46,48,49,51,57,61,62,63,66,67,69,71,73,80,81,83,87,93,
0,3,5,8,9,11,12,14,17,18,22,26,28,29,31,32,33,35,36,38,39,40,43,44,47,48,50,53,61,63,66,67,69,70,72,73,74,78,80,83,86,87,89,90,93,96,98,99,
0,4,9,13,18,19,20,24,25,28,29,31,35,38,39,47,51,61,62,63,66,67,69,70,72,73,74,75,78,80,81,83,85,86,87,88,89,92,93,
0,3,4,5,9,11,12,14,15,17,23,28,29,33,35,36,38,40,41,45,48,51,61,63,67,68,74,78,79,83,85,87,89,97,
0,8,10,18,21,23,24,28,36,38,40,41,42,47,48,52,53,55,61,63,67,68,69,73,74,78,80,81,83,86,87,93,95,97,
3,4,6,8,9,10,11,17,21,23,26,29,34,36,38,39,40,43,44,47,48,49,52,53,60,61,62,63,67,68,69,71,80,86,87,90,91,93,95,
3,7,8,11,13,14,17,18,19,22,25,26,28,29,34,35,36,38,43,46,47,48,50,51,55,57,61,62,63,67,69,71,72,73,78,85,86,87,91,92,93,95,97,
3,7,8,9,10,11,12,13,14,15,17,21,22,34,35,36,38,39,40,42,43,47,48,51,52,55,62,63,66,67,69,71,72,73,78,80,83,85,86,87,89,93,95,97,
3,4,5,7,8,9,11,15,17,23,28,31,35,36,38,39,43,45,47,48,57,60,61,63,67,69,71,73,74,77,78,80,85,87,89,91,93,
8,11,13,17,26,36,38,39,42,44,48,49,51,52,61,63,67,68,69,72,74,76,78,83,85,87,89,92,95,96,
0,3,5,8,9,11,14,17,18,19,26,27,28,36,38,39,42,43,46,47,49,50,51,52,60,61,62,63,66,68,71,72,74,75,77,80,81,83,85,86,93,
0,7,8,12,14,17,19,21,23,33,35,36,38,40,43,47,48,49,54,57,62,63,66,69,70,73,80,81,83,85,86,87,90,94,
0,3,8,9,12,15,21,24,25,27,28,29,31,34,38,40,41,43,47,48,55,57,61,67,69,74,78,80,81,86,87,89,93,94,
3,6,7,8,9,11,12,16,17,20,24,28,29,34,36,38,39,41,43,45,48,51,52,53,61,62,66,67,68,69,70,72,73,76,79,80,81,85,86,87,89,93,94,
7,8,10,15,16,18,19,21,22,23,25,29,33,34,35,36,42,44,45,48,50,51,53,55,60,61,63,66,67,71,72,80,87,88,89,90,91,93,
0,4,8,13,15,18,21,23,26,27,29,33,38,42,48,50,51,53,55,57,60,62,63,66,69,70,71,83,85,86,88,89,95,98,
3,5,9,10,11,17,20,23,29,35,36,38,40,42,48,52,54,59,66,68,69,71,72,73,78,85,86,89,90,93,95,
3,8,11,14,17,20,21,25,26,29,36,38,39,40,43,45,47,50,51,52,53,60,63,67,71,76,78,80,85,86,87,94,95,
0,3,5,6,8,9,10,11,13,21,23,26,30,31,35,38,39,40,42,43,46,47,50,51,52,55,59,60,62,63,66,68,71,72,73,74,78,80,81,87,92,
3,5,6,7,8,9,10,11,14,17,23,25,26,28,31,32,33,35,36,38,39,43,44,45,47,48,49,50,52,53,55,61,63,66,67,68,69,71,73,78,80,85,86,87,92,93,95,97,
3,7,9,11,17,19,25,28,31,35,36,38,39,41,43,52,63,68,69,70,73,74,83,85,86,87,90,92,
3,5,8,9,11,17,18,19,22,24,31,35,36,38,41,47,48,49,51,52,53,60,63,66,67,69,70,71,72,74,75,78,83,85,86,87,96,97,
3,7,8,11,12,14,16,17,18,19,21,24,29,32,34,38,40,47,48,51,52,57,62,63,66,67,69,71,72,77,78,83,85,86,88,90,
0,3,5,7,10,11,12,17,19,23,25,28,29,31,33,35,36,38,39,40,43,45,47,48,50,52,57,61,62,63,69,74,76,77,80,81,83,85,86,87,89,90,98,99,
0,3,5,6,13,14,17,20,21,35,36,38,39,40,43,46,47,49,50,51,53,61,62,63,66,67,69,71,74,78,81,85,86,87,89,91,95,99,
0,3,4,7,11,17,18,21,26,28,29,35,36,38,39,45,48,51,55,57,60,61,63,67,70,81,86,90,92,
3,5,9,10,11,12,14,17,21,22,23,28,33,36,38,39,40,43,48,61,63,67,73,76,80,86,87,89,91,
0,3,4,6,7,8,11,14,17,18,23,29,31,32,35,38,40,41,43,47,48,50,52,57,62,63,68,69,72,73,74,78,80,87,88,96,
3,7,8,9,13,14,15,17,23,24,28,29,33,34,35,36,37,38,39,43,45,47,48,50,51,59,62,63,67,68,69,70,72,74,78,79,81,84,85,87,89,90,93,95,
5,7,14,15,17,18,19,23,24,25,29,31,33,34,35,36,38,40,41,46,47,48,49,50,51,53,55,57,61,62,66,67,69,70,72,75,76,83,85,87,88,89,93,95,96,
0,3,7,8,11,12,13,14,17,26,29,33,35,36,38,39,42,47,48,49,51,53,60,61,63,66,67,69,71,72,74,78,81,83,85,86,87,90,91,92,97,
3,4,7,8,9,12,14,15,25,28,29,36,38,40,43,47,48,51,60,62,63,66,67,69,70,71,74,76,78,80,83,85,87,91,93,
0,3,10,17,21,23,26,29,33,35,36,38,40,43,54,60,61,63,67,68,69,71,80,81,87,89,91,92,94,
0,3,5,6,8,9,10,15,17,21,25,26,28,29,33,34,35,36,38,39,40,42,43,49,59,61,62,63,69,71,72,74,75,78,79,81,85,87,92,95,96,99,
3,4,8,10,17,20,21,25,26,29,33,35,36,38,39,40,42,48,50,52,60,61,62,63,66,69,70,71,74,80,81,83,85,87,95,
7,9,10,14,17,18,25,28,29,40,41,42,47,50,52,57,59,74,81,85,86,87,97,
8,10,11,14,16,18,20,23,25,26,28,29,34,36,38,43,47,48,51,60,61,62,63,68,69,71,73,74,80,81,86,87,89,93,98,
3,4,5,9,14,36,38,39,40,43,45,47,49,52,55,57,61,62,63,67,69,78,85,87,93,94,97,
0,3,5,6,8,9,11,23,25,27,29,34,36,38,39,41,42,43,46,48,49,51,52,53,55,57,59,60,61,62,63,68,69,72,73,76,78,80,81,83,86,87,90,93,95,
3,7,8,13,15,17,28,29,35,36,38,45,50,51,53,62,63,66,69,71,73,78,81,83,85,87,90,93,95,
3,4,8,11,15,17,21,22,23,28,29,33,34,36,38,40,45,46,47,48,62,63,68,69,76,85,88,89,93,94,95,98,99,
0,3,5,6,8,9,10,11,13,14,16,17,18,19,21,27,28,33,34,36,38,43,48,51,52,60,63,67,69,71,73,74,80,81,83,84,85,86,87,89,95,97,99,
0,3,6,9,11,14,17,18,23,25,29,30,33,35,42,43,46,47,48,51,52,55,62,63,66,67,68,69,71,73,75,76,77,81,83,85,87,89,93,
7,8,9,13,17,23,24,25,28,29,33,36,38,40,42,43,45,47,48,51,63,67,69,71,73,74,76,80,81,83,85,86,87,97,
2,3,5,6,7,8,9,11,12,13,17,19,21,23,24,25,27,28,33,35,36,38,39,40,41,42,43,45,49,52,55,57,59,61,62,63,68,69,71,72,73,74,80,81,83,85,86,87,92,95,97,98,99,
0,3,8,9,11,14,17,18,22,26,27,28,29,36,38,39,42,47,48,51,52,59,62,63,69,70,71,72,75,76,80,81,83,85,86,87,89,93,94,95,99,
5,6,7,9,11,14,18,23,35,38,40,41,43,45,46,48,51,54,55,57,60,61,62,63,66,67,68,69,72,73,75,79,80,83,85,87,90,95,
4,8,9,10,11,14,23,24,25,26,27,28,36,38,47,48,52,60,62,63,66,69,71,73,74,79,85,87,90,93,98,
3,4,5,7,8,9,10,11,12,14,15,17,23,25,28,29,35,36,38,39,41,42,43,44,45,48,51,53,57,60,62,63,67,69,71,72,76,80,81,83,84,85,87,88,89,93,95,97,
1,3,5,7,8,10,14,16,17,18,21,24,29,35,36,38,39,40,43,44,47,48,51,52,55,60,62,63,67,69,70,73,76,80,83,86,87,89,90,93,94,95,97,98,
0,5,6,8,10,11,14,17,18,19,21,24,25,33,35,36,38,40,42,43,47,48,62,63,66,67,69,70,71,73,74,78,80,81,85,87,94,95,96,97,
0,9,11,14,16,17,18,21,29,34,35,36,38,42,43,48,49,51,52,61,62,66,70,71,72,73,78,81,85,92,
4,6,7,8,9,11,12,13,14,21,22,23,24,28,31,34,36,38,40,44,46,48,49,50,51,53,61,62,63,66,67,69,71,72,73,81,85,86,87,90,97,
4,5,8,9,10,11,12,13,14,16,17,18,21,22,24,25,28,33,34,35,38,39,40,42,43,46,47,48,49,50,51,52,61,63,66,67,68,69,70,73,74,83,85,86,87,89,93,95,97,
7,9,10,11,13,16,17,18,20,21,22,23,24,27,33,34,35,36,38,39,41,42,43,47,48,50,51,53,55,57,61,63,66,67,69,71,74,78,80,81,84,85,87,89,93,95,96,97,
3,8,11,14,15,17,19,21,22,23,24,26,27,29,33,36,38,41,49,50,53,55,61,62,63,67,69,72,73,78,87,89,93,
0,3,7,8,9,11,12,14,17,18,19,28,38,39,40,43,47,48,51,52,53,62,63,72,73,74,75,79,81,85,86,87,89,93,97,99,
3,6,7,10,11,18,23,28,29,33,34,35,36,38,39,40,41,47,48,51,60,61,63,68,69,71,72,73,78,81,85,87,88,89,90,93,97,99,
3,8,9,11,13,17,18,23,27,28,29,34,36,38,39,40,42,43,48,49,50,51,52,54,56,57,59,61,62,63,73,74,75,78,79,80,81,83,87,89,93,97,
0,3,6,8,9,10,11,16,18,21,28,29,31,33,36,38,39,42,45,47,51,52,55,60,61,62,63,65,66,68,69,71,73,83,86,87,97,
4,8,10,11,12,17,24,25,29,33,34,36,38,40,43,45,47,48,52,53,59,60,63,67,69,70,71,72,74,76,80,86,87,88,89,91,95,97,98,
4,7,8,11,13,14,16,17,18,27,28,29,34,36,38,43,47,49,50,55,61,67,71,72,79,80,81,83,87,92,93,95,
3,6,8,11,12,13,14,21,28,29,34,36,38,39,43,47,48,50,51,53,55,61,62,63,66,67,69,71,78,80,83,86,87,92,
0,3,5,6,7,9,10,13,21,22,26,28,34,36,38,39,41,43,47,48,50,51,53,57,61,62,63,66,67,69,72,74,76,78,80,81,83,85,86,87,93,94,95,
6,7,8,9,11,14,17,18,20,23,26,28,29,31,35,36,38,39,40,41,43,47,48,49,50,52,53,61,62,63,69,71,72,73,78,80,83,86,87,88,91,93,98,
3,5,6,8,9,13,14,15,18,21,27,28,29,33,34,36,39,40,41,43,47,51,52,55,57,62,63,66,67,68,69,72,73,74,78,80,81,83,85,87,89,93,96,98,
4,5,7,8,11,12,13,14,17,20,21,23,26,28,33,36,38,39,40,43,47,48,51,53,62,63,66,68,72,74,81,83,85,87,89,93,97,
3,5,7,8,9,14,21,23,24,27,29,31,34,36,38,39,40,41,46,48,51,53,55,63,66,67,68,69,72,73,78,80,81,83,85,86,87,89,93,95,
3,6,7,8,11,12,14,17,21,23,28,32,33,34,35,36,38,43,44,45,48,51,52,59,60,61,63,67,68,69,73,78,80,81,85,86,87,95,
8,9,11,13,14,15,21,23,25,26,28,36,38,39,40,43,47,48,51,52,60,62,63,66,69,71,72,76,80,81,85,87,88,89,92,97,
3,4,6,7,9,11,14,17,18,19,21,23,25,28,33,36,38,40,41,42,45,47,51,61,62,63,66,69,73,74,75,84,85,86,87,89,90,93,94,95,97,
4,6,7,8,9,10,11,12,14,17,18,19,23,26,28,29,31,36,38,39,40,42,43,45,47,48,51,52,54,55,59,60,61,62,63,66,69,70,73,74,78,80,81,85,86,87,88,92,93,95,97,
0,3,4,5,7,8,9,12,17,23,25,28,29,34,35,36,38,39,43,47,48,51,56,60,62,63,67,68,69,71,73,74,78,80,81,83,84,86,87,89,91,93,99,
8,9,12,16,17,21,22,24,25,28,34,35,36,39,40,42,43,47,51,52,61,63,67,69,70,71,72,76,78,80,81,83,86,87,89,93,95,97,98,
0,3,6,8,11,12,17,26,28,30,36,38,39,40,43,47,50,51,52,61,62,66,67,69,70,71,80,81,85,86,88,
3,6,8,12,14,17,18,21,23,24,25,28,33,36,38,39,43,47,48,51,53,57,60,62,66,69,71,78,80,85,89,92,96,97,99,
3,5,8,9,11,13,14,17,22,23,26,29,34,38,40,43,47,54,59,62,63,66,69,70,72,73,80,81,85,86,87,89,90,96,
0,4,7,8,10,14,17,26,28,29,33,38,48,63,65,67,68,69,70,71,72,85,86,87,89,93,94,95,
0,5,6,8,11,12,13,14,18,19,21,25,29,34,39,42,47,48,49,50,61,62,63,67,71,76,78,80,81,83,85,86,87,93,95,98,
3,5,7,8,15,18,22,25,28,35,36,38,40,41,42,43,49,51,55,57,61,62,63,66,67,71,72,76,77,81,83,85,86,87,89,93,
0,3,5,6,8,10,11,12,13,17,22,23,29,31,36,38,39,40,42,47,48,49,50,51,52,60,61,62,63,66,67,69,72,73,81,83,85,86,87,89,90,94,
7,8,9,14,16,19,21,23,26,27,29,34,35,36,38,39,40,41,42,43,47,48,49,52,57,61,62,63,67,68,69,70,73,80,81,85,86,87,88,89,90,93,95,97,
3,6,7,8,9,10,11,14,18,20,28,36,38,39,40,42,46,47,49,50,51,52,53,61,63,66,67,68,70,71,74,76,78,80,81,83,85,86,87,92,
3,4,8,9,10,11,12,14,21,23,24,25,28,30,34,36,38,40,43,47,51,53,57,62,63,64,67,68,69,70,71,74,78,80,83,85,87,89,93,95,97,99,
0,3,5,6,7,9,11,12,14,19,21,23,26,28,35,36,38,39,40,41,47,48,55,57,62,63,66,67,69,70,73,76,78,80,83,86,87,92,95,97,
0,4,7,8,9,11,13,17,18,20,28,36,38,39,48,61,62,63,66,69,71,79,80,89,90,
1,3,7,8,11,12,21,28,31,38,39,40,43,47,48,50,51,53,59,62,63,66,67,69,75,79,81,83,85,86,87,89,93,97,98,
0,3,7,8,12,13,14,15,21,23,24,28,29,31,33,38,40,41,42,43,53,60,61,62,63,69,71,78,80,81,85,87,88,89,93,95,97,
3,5,7,9,10,11,13,14,17,26,33,36,38,39,43,46,53,60,61,62,63,68,69,70,72,73,78,80,81,83,85,86,87,93,95,96,
3,7,8,9,14,16,18,23,25,26,28,29,34,36,38,42,43,47,48,50,51,52,53,59,61,63,67,68,69,70,78,80,81,83,89,90,93,
0,3,7,9,11,15,16,17,18,23,24,28,31,35,36,38,39,41,43,45,51,61,62,63,66,69,70,72,73,74,78,80,81,83,85,86,87,89,90,93,95,97,
3,4,7,8,9,13,14,16,17,19,21,23,25,26,28,29,31,33,35,36,38,39,40,42,43,45,48,49,52,55,60,61,62,63,67,68,69,70,71,72,73,78,80,81,83,85,87,90,93,94,97,
4,6,7,8,10,14,18,22,23,24,29,32,34,35,36,38,40,41,43,45,47,48,49,52,55,61,62,63,66,68,69,71,73,76,78,80,81,83,87,89,95,
0,4,8,9,24,26,28,29,34,38,39,45,47,48,53,54,63,69,70,71,72,81,86,87,90,
3,6,7,8,9,11,12,13,17,19,21,23,24,28,36,38,40,42,43,47,48,49,51,60,61,62,63,64,72,76,80,83,85,86,87,90,94,95,96,97,
0,3,7,17,28,33,35,36,38,39,40,43,45,52,53,60,61,63,69,78,81,85,87,89,93,97,
5,6,10,11,23,28,29,38,39,42,43,47,48,51,57,59,61,63,67,69,71,80,83,87,89,91,93,95,97,
3,4,8,10,11,13,18,19,21,23,25,26,38,40,42,47,48,50,51,55,59,61,63,66,71,72,74,80,85,86,87,88,89,93,95,97,
7,8,9,15,17,19,22,28,31,35,36,38,39,40,43,48,50,51,61,63,67,69,70,71,72,73,74,75,76,78,80,83,85,86,87,88,97,98,
0,3,5,8,10,12,16,21,23,24,28,36,38,43,47,48,53,61,63,65,68,69,71,72,75,76,85,87,89,93,
3,4,7,8,9,12,13,14,17,21,23,25,26,28,29,31,36,38,40,43,48,49,55,57,59,62,68,69,71,72,73,75,80,81,83,86,93,98,
3,8,10,11,13,14,15,18,23,29,31,34,36,38,39,43,46,47,48,49,52,57,61,62,63,66,69,78,81,85,86,87,89,93,
0,3,10,13,14,18,21,22,23,26,28,33,34,35,36,38,43,47,48,50,51,52,53,55,60,61,63,68,69,71,72,78,81,83,86,88,92,93,95,
3,5,7,8,9,11,12,13,16,20,23,26,28,33,36,38,39,40,42,43,47,48,50,52,61,62,63,64,66,69,71,72,73,78,80,83,85,86,87,89,90,95,98,
3,4,6,8,9,10,11,16,17,22,26,29,33,35,36,38,39,40,43,48,53,60,62,63,67,69,70,72,73,78,80,81,83,85,86,87,88,90,93,
3,7,8,9,11,12,14,17,19,20,22,23,28,31,36,38,39,40,42,43,47,48,49,51,53,56,57,61,63,68,69,71,72,74,76,78,80,83,86,87,88,89,98,
0,3,4,6,7,8,9,11,12,17,25,28,29,35,38,40,43,45,50,51,52,60,63,73,74,75,80,83,85,86,87,89,93,95,
3,7,8,11,14,17,21,23,28,33,34,38,39,43,48,50,51,61,69,70,72,73,79,80,81,84,85,86,87,88,93,94,95,96,99,
3,6,7,11,14,17,21,23,26,28,29,34,36,38,39,45,48,51,52,55,62,63,66,67,69,70,72,80,81,86,87,94,96,
3,7,8,9,12,13,16,19,21,28,31,34,35,36,38,39,40,42,43,45,46,47,48,52,57,61,63,69,72,74,76,77,80,81,83,86,87,88,89,97,99,
0,3,14,16,23,28,29,32,34,35,38,41,43,48,49,52,55,61,62,63,66,67,69,70,73,78,80,83,86,87,88,90,92,93,97,
3,8,9,10,11,12,15,18,23,28,31,34,35,36,38,39,42,43,46,49,50,51,63,64,66,67,69,70,78,83,85,87,
0,3,4,8,9,11,12,14,16,28,33,34,36,38,39,45,47,48,51,52,53,57,61,62,63,67,68,69,71,72,77,78,80,81,83,85,87,89,
5,8,9,17,19,21,25,28,31,33,35,38,39,40,43,48,51,52,59,60,63,67,68,69,71,78,80,85,86,93,96,
8,9,13,17,20,23,25,26,28,31,33,35,36,38,39,46,48,50,51,53,61,63,67,71,72,79,83,85,87,97,
0,3,4,8,9,10,11,12,14,17,19,22,26,28,29,33,35,36,38,39,40,43,47,48,52,53,57,59,60,61,62,63,68,69,72,73,74,76,78,79,81,83,85,86,87,89,93,95,96,97,
3,4,7,8,9,12,14,17,19,23,25,26,28,29,33,34,35,36,38,39,43,45,48,50,61,63,69,71,73,74,76,78,80,81,83,85,86,87,89,91,96,
8,14,19,21,24,34,35,36,38,39,47,48,49,50,52,53,55,57,63,67,68,69,74,80,85,87,89,95,98,
0,3,5,7,8,11,16,17,20,24,25,26,28,33,34,35,36,38,42,47,52,55,59,60,61,66,67,70,73,78,80,81,83,85,87,89,94,95,
5,9,14,15,21,28,31,34,36,38,39,42,44,47,48,50,52,55,62,63,67,68,69,70,71,78,80,81,83,85,86,89,90,93,96,99,
3,5,8,9,10,11,12,13,14,17,19,20,21,22,23,24,26,28,29,33,35,36,38,39,40,41,45,47,48,49,50,53,62,63,67,69,70,71,76,78,80,82,83,85,86,87,88,89,90,96,98,
0,3,5,6,8,9,11,12,14,17,23,24,26,27,29,34,35,36,38,39,40,41,42,45,51,52,61,63,66,67,69,70,71,73,74,76,80,85,87,89,90,91,92,93,97,99,
3,4,5,9,10,11,25,28,33,34,38,39,43,44,47,48,49,50,51,52,57,61,62,63,68,69,70,71,74,76,78,80,83,85,86,87,
0,3,9,10,11,12,13,17,21,23,24,28,29,33,35,36,38,40,42,44,46,47,48,50,54,57,59,63,68,69,73,74,78,81,83,85,86,87,88,89,90,93,97,98,99,
3,7,8,9,10,17,21,22,25,26,28,29,31,33,36,38,40,41,43,47,48,49,51,52,53,57,59,60,63,66,69,70,72,75,78,80,85,87,90,93,98,
0,3,6,8,9,11,12,15,16,17,18,25,28,29,34,36,38,40,43,47,49,62,63,69,72,73,78,83,85,87,95,97,
3,6,8,9,11,12,13,14,17,18,21,28,29,33,36,38,39,42,45,47,48,49,50,52,60,62,63,67,68,69,70,73,83,85,87,88,89,92,93,97,
4,7,8,9,10,11,13,17,18,19,23,28,29,35,36,38,39,40,41,48,52,53,61,62,63,67,70,71,85,87,93,95,
0,6,7,9,11,14,16,17,23,28,33,36,38,40,47,48,57,61,69,78,80,81,83,85,86,94,95,
0,5,7,8,12,14,18,21,23,24,25,29,33,35,36,37,38,43,45,47,48,51,52,56,62,63,67,68,69,71,76,81,83,84,86,87,89,91,
3,4,5,8,9,12,14,16,17,21,28,31,33,36,38,40,45,47,48,50,63,67,69,71,72,73,74,78,80,81,83,85,86,87,89,96,97,
3,8,9,11,14,17,18,19,23,25,26,29,34,35,36,38,39,47,48,49,59,60,61,62,63,68,69,70,72,73,76,78,81,83,85,86,87,89,
0,3,7,11,12,14,17,18,23,29,33,35,36,38,39,42,43,48,50,51,55,57,63,66,67,69,70,71,74,77,79,83,86,87,89,97,
7,12,13,14,19,21,23,25,29,31,34,35,36,40,41,43,47,48,51,53,57,61,62,67,69,70,76,78,80,83,85,86,87,89,95,
5,6,8,9,10,11,17,21,26,29,36,38,39,40,42,43,47,48,49,51,61,63,66,68,69,71,76,78,81,83,87,88,92,97,
0,7,8,9,11,12,28,31,36,38,39,43,48,52,53,60,61,63,67,68,69,73,76,78,81,83,85,86,87,88,89,91,95,
1,3,5,9,11,12,17,18,21,28,33,38,40,41,43,48,51,52,53,57,63,68,69,71,73,78,79,81,83,88,90,
0,5,6,7,9,10,11,12,14,17,19,21,24,25,27,28,29,31,33,35,36,38,40,42,47,48,51,53,55,63,68,69,71,72,73,81,83,85,87,92,93,95,98,
3,7,8,11,17,18,21,22,23,28,33,35,36,38,43,45,48,50,51,53,60,61,62,63,67,68,69,70,71,78,80,81,83,85,86,87,88,89,93,94,95,99,
0,3,4,5,6,7,8,12,13,14,17,19,20,22,23,25,26,28,29,31,34,35,38,39,40,42,47,48,50,51,52,59,60,61,63,66,67,68,69,71,76,80,85,87,88,89,90,91,93,94,
3,4,9,10,11,13,18,19,20,21,28,31,33,36,38,43,44,48,49,51,52,55,59,60,61,66,69,70,71,72,85,87,89,91,93,94,96,
5,7,8,14,17,22,23,24,26,27,35,38,39,41,43,44,47,48,50,54,57,61,63,69,71,72,73,74,78,83,85,86,87,88,89,95,97,
6,10,17,18,28,29,31,35,36,38,39,40,42,52,57,61,62,63,67,68,69,71,73,74,76,80,81,83,85,86,87,93,97,
3,5,8,9,10,12,14,21,23,26,28,35,36,38,42,45,48,60,61,62,63,67,69,71,73,74,81,83,85,86,87,89,92,93,97,
3,6,7,8,9,11,17,22,23,25,26,27,29,34,36,38,39,41,42,43,47,48,50,51,53,55,61,62,63,67,69,70,73,81,83,86,87,90,92,93,95,97,99,
0,3,4,5,8,10,11,12,17,18,19,21,25,29,36,38,39,43,44,48,51,66,69,71,74,80,85,87,89,93,95,96,97,
0,1,3,6,9,11,13,14,17,21,23,24,26,27,28,29,33,36,38,39,40,41,43,48,49,62,63,68,69,72,73,74,78,80,81,83,85,86,87,90,93,97,
0,3,8,9,10,11,12,13,14,17,21,22,28,35,36,38,40,48,54,61,62,68,69,70,74,80,85,86,87,95,
5,8,10,12,14,23,28,29,35,36,38,39,40,43,48,50,51,57,59,66,67,68,73,83,85,87,89,93,97,
0,3,4,5,8,12,13,17,18,20,22,28,29,33,38,40,41,44,46,48,52,57,61,62,63,66,67,69,70,73,75,76,83,85,86,87,93,98,99,
3,8,9,11,12,13,14,16,17,21,28,33,34,35,36,38,39,40,43,46,48,49,51,53,62,63,66,67,69,72,80,81,93,96,97,98,99,
7,11,14,16,17,21,34,35,38,42,46,48,49,51,53,60,61,62,63,67,68,69,71,73,74,78,80,87,88,89,93,
0,3,5,6,9,11,12,14,17,21,23,24,26,28,29,33,36,38,40,41,46,47,48,52,55,61,63,67,68,69,71,73,74,78,80,81,87,89,90,93,94,
0,3,8,10,11,20,21,25,26,31,33,34,36,42,43,47,48,49,50,52,55,57,63,69,70,72,73,85,88,90,96,
3,6,7,11,14,17,19,20,23,25,26,28,33,34,36,38,39,42,48,49,51,61,62,63,65,67,69,70,71,72,73,75,80,81,83,87,88,89,93,97,99,
3,4,5,7,8,9,10,11,13,14,16,17,20,23,28,29,34,36,38,39,40,46,47,48,51,52,54,55,59,60,61,62,63,68,69,72,78,80,81,83,86,87,88,89,92,93,98,
5,14,17,18,26,28,29,35,36,38,39,40,47,48,51,52,63,66,69,72,73,74,76,78,84,87,92,93,
7,8,9,10,13,14,18,19,29,35,38,46,48,49,52,53,57,59,61,63,68,69,71,73,78,83,87,95,96,
0,6,10,11,12,25,28,29,31,33,36,38,40,43,48,49,52,60,61,62,63,67,68,69,72,73,74,76,80,81,85,86,88,89,90,91,95,
3,6,8,10,13,14,17,18,25,27,29,34,36,38,40,43,47,48,52,62,63,67,69,71,72,74,77,78,79,85,87,88,89,
0,8,10,11,14,17,18,19,22,24,28,29,38,39,43,44,46,47,48,63,67,68,69,71,72,73,75,76,78,79,80,83,86,89,93,97,
0,3,4,8,9,11,13,14,17,23,29,33,34,38,39,43,50,51,60,62,63,67,71,72,76,78,85,86,93,95,97,
0,8,9,11,12,13,14,17,19,21,23,24,26,28,34,35,36,38,42,43,48,52,53,57,61,62,63,66,69,71,72,78,80,81,86,87,91,93,96,99,
3,4,8,11,21,28,29,33,34,35,36,38,39,40,41,43,46,47,48,50,51,52,55,60,61,63,66,67,69,70,71,76,78,80,83,85,87,89,93,
0,3,5,6,7,8,11,12,13,14,17,23,25,26,29,33,34,35,36,38,39,42,45,47,48,49,51,52,62,65,67,69,72,74,80,81,86,87,89,90,91,93,
0,3,5,9,11,12,14,17,20,28,29,35,36,38,39,40,41,45,47,48,49,51,53,62,63,66,67,68,70,74,78,80,81,83,85,87,89,93,94,99,
3,7,8,9,11,14,17,21,22,23,28,33,36,38,40,43,45,47,51,52,53,57,62,63,66,67,69,71,72,73,76,78,80,81,83,86,87,89,91,95,
3,6,11,14,29,35,36,39,41,47,52,53,55,61,63,72,73,74,76,78,83,85,87,93,95,
8,9,13,14,16,17,23,24,26,28,29,33,38,39,43,45,48,60,61,63,68,69,71,73,80,81,85,86,87,88,95,96,99,
3,4,6,8,11,24,26,28,31,35,36,39,40,42,43,47,48,53,59,61,62,63,69,70,71,72,76,78,80,81,87,88,89,95,97,98,
0,5,9,11,13,17,18,19,23,28,36,38,39,41,48,51,52,55,57,61,63,69,70,71,72,73,74,75,78,80,81,83,87,90,95,
0,3,8,10,11,12,14,17,24,25,28,30,31,33,35,36,39,40,43,47,48,50,51,52,55,61,62,63,68,69,71,72,77,81,85,86,87,88,91,95,97,
0,3,4,5,8,9,10,13,17,26,28,31,36,38,39,40,42,46,47,49,59,61,62,63,67,69,71,76,80,81,83,85,86,87,89,97,
3,7,8,9,12,14,17,18,19,21,25,28,31,38,40,42,43,47,48,49,51,55,57,61,63,66,67,69,72,74,78,80,81,86,89,90,92,93,
3,4,7,8,9,11,12,14,17,18,28,29,33,34,36,38,39,40,41,43,45,46,47,48,49,51,52,60,61,62,63,67,68,69,70,71,72,73,78,80,81,83,87,89,92,94,97,
3,11,12,14,15,17,18,21,22,28,35,36,38,39,46,48,51,57,61,62,63,66,67,69,70,71,72,74,83,86,87,89,91,93,
3,5,6,7,8,9,11,14,17,18,19,21,25,26,28,29,31,33,35,36,38,39,41,47,48,49,50,53,60,61,62,63,65,66,67,69,75,80,81,85,86,87,93,95,97,
5,7,8,10,11,13,23,24,25,27,28,33,36,38,40,45,48,49,51,52,62,63,66,67,68,69,71,72,75,79,80,81,86,87,89,91,92,95,99,
5,7,8,14,18,19,24,29,33,38,39,47,48,53,61,63,66,67,68,71,73,78,80,81,83,86,87,89,92,93,95,
0,7,8,9,10,11,13,17,18,19,20,22,25,26,27,29,33,35,38,39,50,51,57,61,62,63,68,71,73,74,78,87,90,91,95,97,
0,3,9,11,12,13,15,19,21,23,28,36,38,39,40,47,51,63,67,71,72,74,78,87,88,89,93,97,99,
3,5,7,16,21,28,31,33,36,38,40,43,47,48,52,62,63,64,69,72,74,75,80,81,83,85,87,93,
3,6,7,8,10,11,12,17,21,23,29,38,39,40,41,43,44,47,48,49,50,51,53,55,61,62,63,68,69,71,73,83,85,87,89,93,95,
0,3,4,5,7,8,9,11,14,17,21,23,24,28,31,38,39,40,41,43,45,46,47,48,49,50,51,53,55,57,61,62,63,67,68,69,71,73,76,78,80,81,85,86,87,88,94,95,97,99,
3,8,11,12,14,17,22,25,28,34,35,36,39,45,47,48,50,51,57,60,61,63,66,68,69,72,73,81,85,86,87,89,91,92,93,95,97,
3,7,8,9,12,14,15,16,17,18,21,26,28,29,34,35,36,38,39,41,42,47,48,50,51,52,53,55,57,61,66,67,69,71,72,83,86,87,
3,9,14,16,17,18,19,22,23,25,36,39,42,43,46,47,55,61,63,67,69,70,73,77,80,81,83,85,87,88,89,94,98,
3,7,8,15,17,18,21,28,30,34,35,36,38,40,43,49,51,53,59,60,62,63,66,67,68,69,72,74,75,78,81,83,85,86,87,88,89,90,92,93,95,96,97,
0,3,4,5,8,10,11,14,16,17,20,21,23,26,28,29,32,34,36,38,40,41,45,48,51,55,61,62,63,67,72,73,74,80,81,86,88,94,95,
3,7,8,9,10,11,17,20,21,28,29,34,36,38,40,43,46,48,52,53,57,62,63,66,69,72,74,78,83,85,86,87,93,96,97,98,
0,3,7,8,9,10,15,16,17,18,25,29,33,35,38,39,40,41,43,45,48,52,57,60,63,66,67,68,69,70,72,74,77,80,81,85,87,89,93,97,
0,1,3,5,6,9,10,11,13,17,24,25,26,28,29,33,35,38,39,40,41,42,47,49,50,51,57,61,63,69,72,73,74,76,78,80,81,83,85,86,87,89,93,99,
0,3,6,8,9,11,12,14,17,19,20,23,24,25,26,33,35,36,38,41,44,47,48,49,52,53,61,63,66,67,73,74,77,78,83,89,95,
3,5,7,9,11,12,14,17,19,21,29,31,35,36,38,39,43,48,49,50,51,55,61,62,69,71,72,81,85,87,89,93,97,99,
3,8,9,10,11,16,17,24,25,26,29,34,36,38,39,43,47,48,50,61,62,63,66,69,70,72,76,78,81,83,87,93,96,97,
3,4,5,8,9,10,11,12,13,25,26,34,35,36,38,39,42,44,45,47,48,50,52,53,55,57,59,61,62,63,67,68,69,70,72,73,75,76,77,78,80,87,94,95,
3,4,7,9,10,11,14,16,17,20,21,22,25,28,29,36,38,39,47,50,60,72,73,76,78,84,86,87,89,92,
0,4,8,11,14,15,17,18,19,21,26,28,29,33,35,36,38,40,42,43,47,48,51,57,59,60,61,63,66,67,69,73,76,80,86,87,90,94,95,
3,9,12,17,23,28,29,35,36,38,39,41,46,48,60,63,67,69,71,72,74,78,80,81,85,87,93,95,96,
0,3,8,9,11,14,17,18,21,33,34,35,36,38,39,42,43,46,47,48,49,51,59,60,63,67,69,72,73,78,80,81,84,86,87,89,93,95,
3,6,9,11,12,14,21,23,24,28,29,35,36,38,39,40,41,42,46,48,51,52,53,57,59,62,63,69,70,72,74,83,85,87,93,94,95,
3,6,11,12,14,15,17,22,26,28,29,31,33,34,35,36,38,40,41,43,45,47,48,57,61,62,63,66,67,68,69,70,71,72,81,85,87,88,89,90,96,
3,11,13,17,18,22,23,28,33,35,36,38,39,43,47,48,49,55,60,61,62,63,66,68,69,71,72,73,74,76,78,81,85,88,89,92,97,
3,5,7,8,12,14,17,19,23,26,28,29,34,36,38,39,43,45,48,49,51,53,55,61,63,67,68,69,71,72,73,74,83,85,86,88,91,95,96,
11,13,14,17,20,27,28,31,36,38,42,43,44,47,48,51,52,59,61,62,63,67,69,71,74,78,80,83,87,89,91,94,95,
3,6,8,9,11,16,17,20,24,27,28,29,31,34,36,38,43,46,47,48,49,51,54,60,61,62,63,67,68,69,70,75,79,80,81,83,85,87,96,97,
0,3,9,10,12,15,18,22,25,26,28,38,39,41,42,47,48,51,52,57,62,63,69,70,72,81,83,85,86,87,89,92,94,95,
3,5,6,11,12,14,15,16,17,18,28,29,31,32,33,34,35,36,38,39,40,42,47,48,50,51,52,61,62,63,67,68,69,71,73,78,80,83,85,86,87,88,89,93,95,96,97,98,
0,3,4,6,8,9,10,11,16,26,28,29,36,38,43,51,53,55,57,62,66,69,71,78,80,81,87,90,93,95,97,
3,5,6,7,8,11,12,14,17,18,21,23,26,28,29,31,34,36,38,39,40,42,43,44,45,48,49,59,61,63,66,67,69,73,77,78,80,81,83,87,92,93,94,
3,7,8,9,11,12,19,26,29,35,36,38,48,51,61,62,63,67,69,70,71,72,78,81,83,85,87,89,90,93,96,
3,4,5,6,8,11,14,17,19,21,25,29,33,34,35,38,39,43,44,46,47,48,51,59,61,63,66,68,69,72,73,74,77,78,79,80,81,83,85,86,87,88,89,93,95,96,97,98,99,
3,4,6,7,8,9,11,14,17,19,28,29,34,36,38,39,40,42,43,45,47,48,49,60,62,63,67,68,69,70,80,81,83,85,86,87,
3,7,8,9,11,12,13,15,25,26,28,34,36,38,39,40,45,47,48,51,52,61,62,63,67,69,70,72,73,74,78,81,85,87,90,93,
3,8,9,12,14,24,26,28,33,34,39,40,43,45,48,51,53,62,63,68,71,72,73,75,78,86,88,94,95,
3,6,7,8,9,11,12,13,14,17,21,23,25,28,32,35,36,38,39,40,41,42,43,45,46,48,49,50,52,61,62,63,67,69,70,72,73,74,76,78,80,82,83,85,86,87,89,90,93,94,99,
3,4,8,9,11,14,17,18,19,21,23,25,28,29,33,38,40,43,46,47,48,49,51,61,63,68,69,72,73,74,83,85,86,87,91,99,
0,7,8,9,10,11,12,13,14,17,19,23,28,29,33,34,35,36,38,40,47,50,52,54,59,62,63,66,67,68,71,72,74,78,80,81,83,85,87,89,92,99,
3,8,9,11,14,16,17,20,25,27,34,36,38,42,45,48,51,61,63,68,69,71,74,78,80,83,87,92,93,
3,4,8,9,11,12,14,17,19,20,23,24,26,28,35,36,38,39,40,42,43,47,48,51,53,61,62,63,66,69,70,72,75,78,83,85,86,87,88,89,92,
4,8,9,11,15,17,20,23,26,34,38,39,42,46,48,49,51,52,57,62,63,67,68,69,70,76,80,83,87,90,97,
0,3,5,6,8,9,19,21,26,27,28,33,35,36,38,39,40,41,43,44,47,48,49,51,61,63,66,67,69,71,72,73,74,76,78,79,81,83,87,89,96,98,99,
0,3,8,9,13,14,17,19,21,24,25,26,29,34,35,38,41,43,46,50,55,61,62,63,66,69,70,78,80,85,86,87,89,
0,3,7,11,12,16,17,18,19,21,24,28,33,36,38,43,47,48,51,53,62,63,69,71,72,73,74,81,85,87,89,92,95,97,98,
0,7,8,11,13,17,25,27,28,29,35,36,38,40,42,43,47,48,61,62,63,66,67,71,74,81,87,95,
0,5,8,9,19,21,23,25,28,31,33,34,35,36,38,39,43,61,63,67,68,69,71,73,78,81,83,86,87,92,97,
3,10,11,12,14,17,24,25,28,29,36,39,43,48,50,52,55,62,63,67,69,70,72,73,81,87,88,89,90,91,92,95,
3,5,6,7,8,10,11,16,17,21,23,29,31,33,35,36,38,47,50,56,59,63,67,69,85,86,87,89,
4,5,8,10,11,14,17,18,19,22,23,27,28,29,33,36,38,39,42,43,47,50,51,52,55,59,60,61,63,66,67,68,69,71,80,81,86,87,89,90,92,93,95,
5,8,14,17,19,22,25,29,39,40,45,47,63,67,70,73,87,89,91,92,93,97,98,
3,4,8,11,15,17,21,25,28,29,33,36,38,40,43,45,48,49,52,55,59,60,62,63,66,67,69,71,73,74,76,78,80,81,83,85,86,87,89,90,92,94,97,98,
0,3,4,13,14,23,25,32,34,35,36,38,39,40,41,46,48,49,51,63,69,73,81,84,87,88,89,90,93,95,97,98,
6,7,8,9,17,21,27,29,35,36,38,43,47,48,53,63,66,67,68,69,70,71,81,83,85,86,87,93,95,
4,7,8,9,10,11,12,14,15,17,19,26,33,35,36,38,40,47,48,49,52,60,63,67,68,69,71,72,74,78,80,81,85,86,87,93,95,
0,3,8,11,12,14,15,17,19,21,23,25,29,32,38,39,40,47,48,50,52,60,62,63,66,67,69,71,72,76,78,81,86,87,89,96,97,98,
0,3,4,6,7,9,10,11,14,17,21,22,25,26,29,35,38,39,42,43,45,47,49,52,53,62,63,66,68,69,70,71,72,73,74,78,81,83,85,87,88,89,93,96,97,
0,1,6,7,8,11,14,18,20,23,26,28,29,36,38,40,42,48,51,62,63,68,69,70,71,72,87,89,93,
3,6,7,8,11,12,14,17,18,19,29,34,35,36,38,39,40,41,43,47,51,52,53,57,61,63,69,71,72,73,76,78,81,83,85,86,87,91,92,93,96,97,
0,7,8,11,17,21,23,28,33,34,36,38,40,41,48,51,54,57,62,63,66,68,69,74,78,80,81,83,87,89,94,95,97,
0,3,7,12,17,19,21,23,28,29,34,38,39,40,47,49,51,52,60,61,62,63,66,67,69,74,78,80,81,83,87,89,90,93,
3,6,8,9,11,12,13,17,18,19,28,34,35,36,38,39,40,43,44,46,47,60,61,62,63,64,66,67,69,72,73,81,83,85,87,88,89,95,
3,4,6,7,8,9,11,12,13,17,26,28,29,35,36,38,39,40,43,47,48,51,52,61,62,67,69,71,73,74,77,78,80,83,84,85,86,87,88,89,93,98,
8,9,10,13,14,18,20,23,26,27,36,38,39,40,41,42,47,49,50,52,57,60,63,67,69,74,75,80,83,84,85,86,87,96,97,
0,4,5,11,14,17,19,21,23,26,28,31,35,38,40,44,48,51,52,53,59,60,61,62,67,69,71,72,73,74,76,78,80,81,83,87,94,97,
1,3,5,6,8,11,12,13,15,17,18,23,25,26,27,28,33,34,35,36,38,39,42,43,45,47,48,51,53,59,60,63,66,67,69,70,71,72,74,77,80,83,85,86,87,89,91,93,95,96,97,98,
3,4,5,7,9,10,14,22,23,28,29,36,38,42,43,46,47,48,49,52,53,62,63,66,67,69,72,73,78,81,83,85,86,87,88,89,93,94,95,
3,4,5,8,9,11,12,17,19,21,23,26,28,29,31,33,36,38,39,43,47,48,52,53,61,62,63,68,69,76,81,83,86,87,89,94,97,
0,4,6,14,17,21,23,26,27,29,33,36,38,39,42,43,45,46,47,48,49,50,51,60,62,63,67,68,69,72,73,74,77,78,85,86,87,89,93,94,
3,7,8,9,11,13,19,21,23,35,36,38,42,48,51,52,61,63,66,67,68,70,73,74,75,80,81,83,85,86,87,89,92,95,
3,6,8,9,11,14,16,17,28,29,32,34,35,36,38,40,42,45,48,51,52,59,62,63,66,67,69,71,72,75,78,80,81,83,85,86,87,89,93,
3,5,8,11,14,17,23,27,28,29,31,33,35,36,38,39,40,41,43,49,51,55,59,61,63,68,70,71,72,74,80,81,83,85,87,89,93,94,95,96,98,
0,3,4,7,11,12,18,20,28,33,35,38,39,40,42,43,47,48,51,57,59,61,63,67,69,70,71,75,80,81,83,86,87,89,93,95,97,99,
0,3,5,8,11,17,19,23,28,29,34,36,38,39,42,43,47,48,50,55,60,61,62,63,66,69,71,72,73,77,78,80,83,85,86,87,89,95,
3,8,11,19,23,26,28,29,31,33,34,35,38,39,40,43,47,48,54,62,63,69,72,73,78,80,81,86,87,95,99,
9,11,18,19,23,29,34,35,36,38,39,40,49,52,57,59,61,62,63,69,74,78,80,86,87,88,89,91,93,95,
3,4,9,13,14,16,17,18,21,23,24,25,29,35,36,38,39,42,43,45,47,48,50,52,63,66,69,71,73,74,76,78,81,83,85,86,87,93,97,
0,3,4,6,7,14,17,20,24,25,26,28,29,31,32,33,35,36,38,39,40,47,48,49,50,57,61,62,63,69,71,72,73,76,78,80,81,83,85,87,88,89,97,
3,5,8,9,12,16,17,18,20,21,23,29,33,36,38,40,43,45,46,47,48,50,60,61,63,67,68,71,73,74,77,81,83,84,86,97,99,
0,3,4,7,9,11,13,14,15,22,23,25,26,28,29,33,36,38,39,40,42,43,46,47,48,49,51,52,61,63,64,66,67,69,72,73,74,75,76,78,80,81,83,86,89,93,97,
0,3,5,7,8,9,10,11,12,14,17,25,26,28,29,31,34,35,36,38,39,40,42,43,44,47,49,50,51,52,55,60,63,66,68,69,72,73,74,76,81,83,86,87,89,90,97,98,
3,5,6,7,8,9,14,17,21,22,23,25,26,28,30,34,35,36,38,39,40,43,46,47,48,51,55,62,63,67,69,71,72,73,76,78,80,85,87,93,95,
3,9,11,14,17,19,26,29,35,36,38,39,41,43,47,48,50,51,52,55,56,57,62,63,67,68,69,70,73,78,79,81,83,86,87,89,94,97,
8,10,14,16,17,18,21,22,23,24,25,28,29,35,36,38,40,49,55,59,60,61,63,68,71,73,76,78,86,87,92,
3,5,7,8,9,10,12,13,14,17,21,23,26,28,29,31,35,36,38,39,40,41,43,47,48,50,51,52,53,55,56,59,60,62,63,67,68,69,70,78,81,83,85,86,87,89,92,93,
3,6,7,8,11,12,25,26,35,38,43,47,48,49,52,61,63,67,68,69,70,72,78,85,87,98,99,
3,5,8,13,14,17,21,22,23,25,26,28,33,34,40,48,51,53,60,61,62,69,74,78,83,85,88,93,95,97,
0,3,5,7,8,10,11,12,13,17,28,29,35,38,40,43,48,49,52,60,61,62,66,67,68,69,71,72,74,78,80,81,83,86,87,89,90,93,
5,6,8,10,11,12,16,21,28,29,31,34,35,36,38,39,42,46,48,51,52,55,57,60,61,63,66,68,69,70,72,78,81,84,85,87,95,96,98,99,
3,4,6,8,9,10,14,16,17,21,23,26,28,29,34,35,38,39,40,43,45,46,48,52,55,60,63,66,67,69,74,78,81,85,86,87,89,93,94,95,
0,3,5,7,8,9,21,23,24,25,27,28,29,35,36,38,39,40,43,47,48,49,51,52,60,61,62,63,69,72,73,81,85,87,89,
0,3,4,5,7,8,9,13,14,17,18,21,23,26,29,30,31,32,33,34,38,40,41,42,45,47,48,49,53,57,61,63,65,66,69,70,73,74,76,78,80,81,85,86,87,88,89,92,95,96,
3,7,11,13,14,22,23,24,29,34,35,36,38,40,42,48,49,53,60,62,63,71,72,73,78,80,81,83,86,87,89,90,93,
4,5,7,8,10,14,17,18,23,27,29,31,34,36,37,38,39,42,45,47,48,60,63,66,67,71,72,74,75,77,78,80,87,89,90,94,95,97,
5,6,10,11,13,14,18,24,26,28,29,33,35,36,38,42,45,48,51,61,62,63,67,68,69,70,72,73,74,85,87,90,92,95,
3,4,7,8,12,17,18,21,28,31,35,36,38,39,47,48,60,63,68,69,71,73,74,80,83,85,86,87,88,92,95,
0,3,4,7,8,9,11,12,14,17,18,19,21,25,28,29,33,35,36,38,39,40,43,48,51,61,62,63,67,69,71,72,78,79,81,83,85,86,87,89,90,92,93,97,98,
8,12,14,17,21,22,23,25,26,28,29,35,36,38,40,42,48,49,50,51,53,55,61,62,63,66,69,73,74,78,81,83,85,86,89,91,92,94,95,97,
3,4,6,7,8,9,11,12,14,15,17,21,23,25,26,29,35,36,38,40,44,46,47,48,51,59,63,69,81,85,87,89,90,
0,4,7,8,11,14,16,20,25,26,28,29,31,34,36,38,43,46,47,48,52,62,63,66,67,68,69,72,73,76,81,83,85,86,87,97,98,
3,6,13,14,18,19,24,28,29,35,36,38,40,41,43,48,49,55,62,66,68,69,72,73,74,76,78,80,86,87,90,92,97,
3,4,12,13,17,26,28,36,38,39,42,46,51,52,53,59,60,62,63,66,67,69,71,81,83,85,86,87,89,93,95,
3,5,8,9,10,12,14,17,23,28,32,33,34,36,38,39,41,43,45,49,51,52,53,62,63,69,70,71,72,78,79,80,81,83,85,86,87,90,93,
0,3,8,10,11,12,14,17,21,22,24,28,29,35,36,38,40,41,43,47,48,53,57,60,61,63,66,67,69,70,72,76,78,80,81,85,86,87,89,91,93,95,97,98,
0,1,3,6,8,11,15,18,19,21,22,23,26,27,28,29,33,34,38,40,41,42,43,44,46,51,57,61,62,63,69,70,71,73,78,80,81,83,87,90,92,93,96,97,
3,7,8,10,12,28,29,33,36,38,39,41,47,48,49,52,55,57,59,61,62,63,66,67,71,73,78,80,81,85,87,90,97,
3,7,8,9,14,17,19,21,26,27,28,29,32,34,35,36,38,39,41,42,43,49,51,54,61,63,66,67,69,70,71,72,73,80,81,83,85,86,87,88,93,95,97,
4,5,7,8,11,14,17,19,21,23,24,26,28,29,31,35,36,38,42,48,49,50,51,59,60,61,62,63,67,68,69,70,71,72,74,81,85,87,97,
3,7,8,9,12,13,18,19,21,28,31,33,38,42,43,47,48,49,51,62,63,66,67,68,69,71,78,80,81,83,85,87,88,90,92,99,
3,4,7,8,9,11,14,17,19,23,26,29,34,35,36,38,40,42,43,47,48,49,51,54,60,62,63,66,78,80,85,86,87,93,94,95,97,
0,3,6,8,9,11,14,17,20,21,22,26,28,33,36,38,40,43,48,49,52,53,54,60,61,62,63,66,67,69,70,71,77,81,83,85,86,87,96,99,
0,3,5,7,8,9,10,29,38,39,40,42,43,45,59,63,67,69,70,71,72,73,76,78,80,81,83,86,87,89,93,98,
4,7,9,14,17,25,29,31,35,36,38,39,42,43,47,48,50,51,52,53,59,60,62,63,67,69,70,71,78,80,81,83,85,87,89,93,95,97,
0,3,8,9,10,11,13,14,17,18,20,22,25,28,29,33,35,38,43,48,49,50,51,55,61,62,63,67,69,71,74,76,78,80,81,83,85,87,89,93,96,97,98,
0,7,9,11,12,14,23,25,26,28,29,32,36,38,39,41,43,44,47,48,49,51,52,53,61,63,67,68,69,72,73,76,86,87,89,93,96,97,99,
0,5,6,7,8,9,11,12,13,14,17,18,22,28,29,33,36,38,39,42,43,45,47,48,51,54,55,61,62,63,66,69,71,74,78,85,86,87,88,89,91,96,98,
2,3,5,6,8,11,14,15,18,23,28,29,32,33,35,38,40,43,46,47,50,61,62,63,66,67,69,71,73,76,81,83,85,87,88,90,93,
4,5,6,8,9,11,12,13,14,17,18,19,24,26,28,31,33,34,36,38,45,46,48,50,51,53,60,61,63,66,67,68,69,70,71,72,73,74,75,78,80,81,83,85,87,89,93,94,98,
3,4,5,7,8,9,11,12,18,21,28,33,35,36,38,43,44,45,46,47,48,49,52,53,54,61,63,64,66,67,69,76,80,81,85,86,87,88,89,93,99,
3,5,8,9,10,23,28,29,36,38,39,41,42,48,49,51,60,61,63,68,79,80,81,83,86,87,89,98,
0,3,10,11,13,14,17,22,23,31,33,35,36,38,40,42,47,51,61,63,67,70,83,86,87,94,97,99,
3,5,8,9,10,11,17,18,19,24,29,33,34,35,36,38,39,43,45,47,48,51,56,59,60,61,62,63,67,69,71,72,73,77,78,79,80,81,83,85,87,89,91,93,96,97,98,
0,1,4,5,7,8,11,14,15,17,20,22,26,29,34,35,36,38,39,45,51,52,57,60,62,63,67,69,70,72,74,75,81,83,85,86,93,97,
3,4,8,9,10,12,14,15,17,19,23,25,28,29,35,36,39,40,41,42,43,46,48,49,50,51,55,56,57,61,63,67,69,70,71,72,73,74,80,81,83,84,85,86,87,89,90,92,93,94,95,97,98,
0,3,5,6,7,8,10,11,17,19,21,23,25,26,29,35,36,38,41,42,47,48,49,52,60,61,62,63,68,69,71,75,78,80,81,83,85,86,87,89,91,96,98,
0,8,11,12,14,17,25,29,33,38,40,42,43,44,45,47,48,49,51,52,57,62,63,66,67,69,71,73,74,75,76,78,80,81,86,87,89,93,95,96,
3,8,9,11,12,13,14,18,26,29,32,36,38,39,40,41,42,43,47,49,60,61,62,63,67,69,72,73,76,78,80,81,83,85,86,87,92,97,98,
0,3,4,7,8,9,10,12,17,18,19,20,21,22,23,24,26,27,28,29,33,36,38,39,40,41,43,48,49,50,52,63,69,73,79,80,81,82,83,85,87,90,93,95,97,99,
3,4,5,7,8,9,12,14,25,26,29,34,36,38,39,41,43,46,47,48,49,63,67,68,69,70,73,78,80,81,83,85,86,87,93,94,95,99,
3,6,7,8,11,14,17,19,22,28,29,31,33,34,35,36,38,39,42,46,48,51,53,59,63,67,69,70,73,76,81,85,87,95,96,
0,3,4,5,8,9,11,12,14,16,18,20,21,22,24,25,26,28,29,36,38,50,51,52,53,54,61,62,63,69,73,80,85,86,87,92,
0,5,6,8,9,11,14,17,18,19,20,21,28,35,36,38,43,45,47,48,49,61,62,63,67,69,71,72,75,77,78,80,83,85,87,93,97,
0,3,8,9,10,17,21,24,28,29,31,35,36,39,40,41,45,47,48,49,51,56,60,62,63,64,66,67,69,70,72,78,79,80,81,83,85,86,87,89,93,
0,4,8,9,10,11,14,16,19,22,23,29,34,35,36,38,39,40,47,48,49,51,52,55,61,62,63,65,66,67,69,70,72,73,75,80,81,83,85,87,89,90,92,98,
3,5,9,11,14,17,19,36,38,39,40,42,45,48,51,54,55,59,61,62,63,66,67,68,70,73,74,81,85,87,89,93,95,96,97,
3,6,7,8,9,11,14,16,17,19,24,25,26,28,34,36,39,40,42,48,51,62,63,66,68,73,78,80,81,85,87,89,93,97,
4,6,7,8,9,10,11,14,18,23,26,27,28,29,34,35,36,38,43,47,60,62,63,66,69,70,73,74,78,81,83,85,87,93,95,
3,9,10,11,13,14,15,17,21,28,35,36,38,39,40,43,44,45,47,48,50,52,56,61,62,63,66,67,68,69,71,72,73,78,80,81,85,87,88,90,92,93,95,96,97,
3,8,10,11,20,23,28,30,33,35,36,38,39,40,42,43,44,45,47,48,52,55,57,66,69,71,76,79,80,81,82,85,86,87,89,96,97,99,
0,3,6,7,10,11,14,17,18,25,31,34,35,36,38,39,40,43,47,48,49,51,52,60,63,66,67,69,70,71,72,73,80,81,85,87,88,89,
3,4,7,8,10,11,13,14,17,21,23,28,29,34,35,36,38,39,40,47,49,52,53,56,62,63,67,69,71,72,73,74,75,83,85,86,87,94,95,
3,9,10,11,13,14,15,18,22,23,28,29,33,36,38,42,43,48,50,59,61,62,63,67,68,69,72,73,74,76,80,81,85,87,89,90,93,95,97,
2,3,5,11,14,17,21,28,29,35,36,38,40,41,42,45,47,49,51,52,57,63,64,67,69,70,73,76,85,87,97,98,
1,3,4,5,6,9,10,11,14,16,17,25,29,31,35,36,38,40,45,47,48,51,52,61,62,63,67,69,70,72,80,81,83,86,87,88,95,97,
0,3,4,7,8,9,10,11,13,17,26,28,29,34,36,38,39,40,42,45,47,48,49,51,52,57,61,62,63,68,70,72,73,74,77,80,81,83,87,88,89,97,
1,3,4,7,8,10,11,12,14,21,23,25,28,29,33,34,36,38,40,41,43,46,47,48,49,50,51,60,62,67,69,70,71,73,77,78,81,83,85,87,89,93,97,
2,3,5,7,8,10,11,13,17,18,20,22,23,26,28,29,31,33,34,36,38,39,40,41,47,48,49,52,55,57,60,62,63,67,69,70,71,72,73,80,81,82,83,85,86,87,89,90,91,93,
4,9,10,11,12,21,23,24,25,28,35,36,38,39,42,43,45,46,47,48,49,52,61,62,63,66,67,70,73,74,76,80,83,85,86,87,90,93,96,98,
1,3,5,7,8,9,11,12,14,19,21,23,25,26,36,38,39,42,43,46,47,48,51,61,62,63,69,71,72,80,83,85,86,87,90,92,97,
0,4,6,8,10,11,14,17,21,22,25,28,30,34,35,36,38,40,43,46,47,48,50,51,52,54,61,62,63,66,67,69,70,71,73,80,81,84,85,86,87,88,89,92,93,
9,17,21,26,28,29,36,38,39,41,42,50,51,55,59,60,62,63,67,68,69,71,72,73,80,85,86,87,91,93,99,
0,7,9,11,13,14,17,18,20,21,23,24,26,28,33,34,35,38,43,47,48,49,51,53,59,60,61,62,63,66,67,69,71,73,81,83,85,86,87,89,93,95,
3,7,8,11,23,26,28,31,33,35,36,38,39,40,42,45,47,48,51,52,53,57,62,63,67,68,69,71,78,80,83,85,87,93,95,97,98,
5,7,9,21,24,26,29,32,33,35,36,38,39,43,48,49,51,52,60,61,62,63,69,71,77,78,80,81,83,86,87,89,93,95,96,98,
4,5,6,7,8,9,10,11,12,13,17,19,21,23,24,27,28,29,32,35,36,38,40,42,43,45,47,48,52,60,61,62,63,66,67,69,74,77,78,80,81,83,85,87,89,92,
3,8,9,11,12,13,14,21,22,23,28,31,33,34,35,38,39,41,42,43,51,54,60,61,62,63,66,67,68,69,70,72,76,79,80,83,85,86,87,89,93,94,
0,3,5,6,7,8,9,11,12,14,16,17,18,21,26,29,36,38,39,40,42,43,49,51,52,55,61,63,66,68,69,70,71,72,73,81,83,85,86,95,97,
5,6,7,9,11,17,19,21,25,29,33,35,38,39,40,52,61,62,63,67,68,75,84,85,87,94,95,97,
0,3,4,7,8,9,11,12,13,14,15,17,22,23,25,27,28,29,33,35,36,38,46,48,49,51,53,61,62,63,67,69,71,72,73,74,80,81,83,85,86,87,89,93,94,97,
3,4,7,8,9,11,13,14,17,21,22,23,24,26,28,29,33,35,36,38,39,40,42,47,48,49,53,54,61,62,63,66,67,69,70,71,72,73,74,76,80,83,87,90,93,97,98,
1,19,25,28,29,35,36,38,39,40,42,43,46,48,50,51,53,60,61,62,63,70,73,78,81,84,85,86,87,92,93,95,97,
3,5,7,9,11,14,20,26,28,29,31,35,36,38,39,40,42,47,48,52,59,61,62,63,67,69,74,75,78,83,86,87,89,93,95,
0,3,7,8,9,13,21,26,28,29,36,38,39,42,47,51,52,57,60,63,67,68,69,71,72,73,79,80,81,85,86,87,89,90,97,
3,5,6,8,12,13,17,18,22,24,25,27,28,29,32,35,36,38,39,40,42,43,48,52,55,59,60,61,62,63,67,68,69,70,73,74,78,80,85,86,87,88,89,92,93,97,98,
0,3,5,6,7,8,9,10,17,21,23,24,25,27,29,34,35,36,38,39,40,43,45,47,48,51,55,62,63,66,67,70,72,73,74,78,80,81,85,86,87,89,94,
8,9,10,12,13,14,18,21,24,26,29,33,34,36,38,40,46,47,48,52,59,63,64,67,68,69,70,73,78,80,81,83,87,89,92,93,95,98,99,
0,1,3,4,8,11,12,14,16,17,18,19,21,23,25,26,28,35,36,38,39,40,43,44,48,50,60,62,63,66,68,69,72,78,80,81,85,86,87,89,90,92,95,
5,8,9,11,12,13,14,16,17,18,29,31,35,36,38,39,41,47,48,49,53,57,61,63,67,73,74,78,79,80,81,83,85,93,
0,5,7,9,11,17,21,22,23,25,33,35,36,38,46,47,48,49,52,57,61,62,63,66,68,69,70,72,76,78,80,81,86,89,92,97,98,99,
4,7,8,9,11,17,21,26,28,38,39,40,49,59,60,61,62,63,66,68,81,83,85,87,94,95,98,
0,3,8,10,12,14,15,17,18,19,20,25,28,29,34,35,36,38,39,40,42,43,45,46,47,53,55,60,61,62,63,67,69,70,72,73,78,81,82,86,87,89,93,
3,8,9,11,13,14,18,19,22,25,33,36,38,39,40,41,43,46,48,49,60,61,63,67,72,73,78,81,83,89,93,97,
2,3,7,8,10,14,17,18,21,22,23,29,33,34,35,36,38,40,43,45,46,47,48,51,52,53,57,59,61,62,63,66,67,69,70,71,72,74,77,80,81,83,85,87,88,89,90,93,97,
3,7,8,11,12,13,16,17,18,23,25,28,36,38,39,41,43,47,48,49,51,59,60,61,62,63,66,67,69,71,72,73,74,75,78,80,83,85,87,89,90,93,
3,5,6,7,8,9,21,23,24,26,27,28,31,34,36,38,40,42,43,44,45,47,48,51,52,53,60,61,62,63,69,71,72,74,75,78,83,86,87,88,89,96,97,
3,5,8,9,11,14,28,29,33,36,38,39,40,43,45,46,47,48,51,57,60,61,63,67,68,69,72,78,79,80,81,83,85,87,89,90,97,98,
3,6,8,9,10,13,14,15,17,21,38,40,43,46,47,55,60,61,62,63,66,68,69,77,78,80,81,83,85,87,93,99,
4,7,8,9,10,11,13,14,20,22,27,29,34,36,38,41,44,48,57,61,63,66,67,68,69,70,72,73,74,79,80,85,86,87,89,92,94,
3,5,6,9,11,12,17,19,20,21,23,24,33,36,38,39,40,41,42,43,45,47,50,55,60,61,62,63,66,67,68,69,72,73,78,80,81,85,87,89,90,93,94,95,96,97,98,
1,3,8,9,10,11,15,16,17,19,21,23,25,28,29,35,36,38,40,48,51,60,61,62,63,66,67,69,71,72,73,74,77,78,80,81,83,85,86,87,89,95,97,
3,4,7,9,10,14,17,19,21,24,26,29,33,34,35,36,38,40,42,43,49,53,57,60,63,67,68,69,72,73,74,80,85,86,87,88,89,96,97,98,99,
3,8,9,12,17,21,26,34,36,38,39,43,46,47,48,53,61,62,63,66,69,70,74,75,80,83,85,87,93,96,99,
1,3,6,7,10,11,14,17,22,26,28,29,31,33,34,36,38,39,43,47,48,60,63,67,68,71,72,80,81,85,86,87,89,90,93,94,95,
3,5,9,11,14,17,19,21,25,26,27,28,33,34,36,38,41,43,45,47,51,59,60,62,63,66,69,71,72,73,76,78,80,81,83,84,85,87,88,89,93,95,
3,4,6,7,8,11,16,17,18,21,25,28,29,33,34,36,38,39,40,42,43,44,47,48,49,50,51,57,62,63,67,69,71,73,74,80,83,85,86,88,89,95,
4,5,8,9,10,11,15,16,17,18,19,21,22,23,26,28,33,34,36,38,39,43,48,51,52,54,60,61,62,63,66,67,68,70,71,73,79,81,85,87,89,92,93,
0,3,8,9,10,17,18,19,21,26,28,36,38,39,41,42,45,48,52,53,54,59,60,61,62,63,66,68,69,71,72,78,83,85,86,87,89,92,
5,6,9,11,14,16,21,23,24,26,28,29,31,38,40,42,45,52,54,59,63,68,71,74,76,78,79,86,87,90,94,95,97,
3,4,7,8,9,10,11,13,14,16,17,21,26,28,29,31,33,35,36,38,39,45,47,48,49,51,52,53,59,63,69,70,71,73,74,78,80,84,86,87,92,93,95,98,
5,8,11,14,17,21,22,23,28,33,34,36,38,40,43,47,48,51,52,53,59,63,67,72,74,78,85,86,87,89,95,96,
0,1,3,7,8,10,12,13,14,17,19,21,24,25,26,27,28,33,34,35,36,38,39,40,43,47,48,49,51,52,55,59,61,62,63,66,67,68,69,73,74,78,80,81,83,87,89,91,92,93,94,95,
0,3,8,11,17,24,26,28,29,34,35,36,38,43,44,49,60,67,69,72,73,78,80,83,86,87,89,91,98,
4,5,7,8,10,11,12,13,14,17,20,25,28,29,31,35,38,43,45,48,49,51,53,61,62,63,67,68,69,70,78,80,81,83,85,87,91,
3,4,6,8,10,11,14,17,18,19,20,23,27,29,36,39,40,45,46,48,50,52,53,63,66,69,70,71,72,74,78,80,83,86,87,90,94,97,
0,3,4,5,8,9,10,12,13,14,17,21,23,28,29,35,36,38,39,40,43,47,48,49,51,52,60,61,62,63,66,67,68,69,72,74,75,76,77,85,86,87,89,90,93,94,95,96,
0,3,7,8,11,12,13,14,15,16,17,18,19,21,23,24,26,28,29,35,36,38,39,40,43,44,46,47,48,49,51,52,60,61,62,63,66,67,68,69,70,78,80,81,85,86,87,88,89,91,93,95,96,98,
5,6,7,8,11,17,21,23,29,36,38,39,40,43,47,48,49,52,53,60,63,66,67,69,72,73,74,78,79,80,83,86,87,95,
3,5,8,9,11,14,16,17,19,21,26,35,36,38,39,42,43,48,49,60,61,62,63,66,68,69,70,71,73,78,81,83,85,86,89,95,
0,8,9,12,17,23,25,26,27,28,36,38,39,40,43,47,49,50,52,59,61,62,63,66,69,86,87,92,93,97,99,
0,3,5,6,7,8,9,10,11,12,13,15,17,21,23,24,25,26,27,28,29,31,35,36,38,39,40,43,44,45,47,48,49,51,55,59,63,66,67,68,70,71,72,74,75,78,80,81,83,85,86,87,89,94,97,
4,6,7,8,10,11,13,18,19,26,28,38,39,41,43,46,47,49,50,51,62,63,66,69,71,72,73,78,80,81,86,88,89,94,95,
3,4,5,8,17,20,21,22,23,24,26,28,31,36,38,43,46,50,51,55,61,63,67,68,69,70,76,80,81,83,85,87,89,94,98,99,
2,8,9,11,13,14,17,21,23,28,29,35,36,38,39,40,41,43,47,48,49,50,57,60,61,62,66,67,69,72,80,81,83,87,91,98,
3,4,7,8,9,10,11,12,13,14,17,19,24,29,38,40,42,44,48,51,52,57,61,63,66,67,69,72,78,83,85,86,87,88,89,95,
1,3,8,11,13,17,19,20,23,25,26,29,33,36,38,45,47,48,49,50,52,60,61,63,67,72,73,74,76,81,83,85,87,89,90,91,93,94,98,
9,12,23,27,29,36,42,43,48,54,61,63,67,68,73,74,78,80,81,83,86,87,89,93,
0,3,4,5,7,8,9,10,11,12,14,17,18,21,22,24,26,28,29,34,35,36,38,39,40,41,42,43,45,46,48,49,50,51,53,54,55,59,60,61,62,63,66,67,68,69,71,72,73,75,77,78,80,81,83,85,86,87,88,89,90,93,95,
0,3,5,8,9,10,14,15,17,18,20,25,26,28,29,33,36,38,39,47,51,52,53,60,62,63,65,66,67,69,71,72,79,80,81,85,87,89,91,93,95,97,98,
0,3,5,7,14,19,25,26,28,32,38,41,42,43,46,47,48,61,62,63,65,71,73,77,85,87,88,89,93,94,
3,6,12,13,14,17,18,28,32,36,38,39,40,43,46,48,51,52,54,59,60,61,63,66,67,69,72,73,78,86,87,95,96,99,
6,7,8,11,13,14,15,16,17,18,22,26,27,28,29,30,33,34,35,38,40,43,47,50,55,62,63,66,67,68,69,71,74,78,80,81,86,87,90,92,93,
3,5,8,9,11,13,17,21,22,23,29,33,34,35,36,38,39,40,43,46,47,48,49,53,59,62,63,67,68,69,70,71,76,80,81,83,85,87,88,93,95,97,
3,5,9,11,15,17,18,20,24,26,28,29,33,35,36,38,39,40,41,42,43,47,62,68,69,70,71,80,87,93,95,96,
4,5,7,8,9,10,11,12,13,14,18,21,23,28,36,38,39,45,47,50,52,57,60,62,63,66,67,69,70,71,72,73,74,75,78,80,85,86,87,89,93,
0,9,11,13,14,17,28,35,38,39,41,43,47,49,52,55,63,65,67,70,71,72,77,78,80,84,85,86,87,88,89,95,96,
3,4,5,8,13,20,21,26,28,30,34,38,43,45,46,47,48,49,50,51,53,57,60,61,62,63,67,68,69,71,74,78,80,85,87,89,92,93,95,97,
0,6,7,8,9,10,11,14,17,18,19,24,25,27,28,29,36,38,39,40,43,45,47,48,51,52,53,57,59,60,61,62,66,67,69,74,78,81,84,85,86,87,93,95,
3,8,9,11,14,17,23,26,33,34,35,36,38,39,40,43,47,48,49,51,55,61,66,67,69,72,78,80,81,83,85,87,88,89,96,99,
3,5,7,8,11,12,15,17,18,21,23,24,26,34,38,43,45,48,49,53,57,60,63,66,68,69,70,77,78,80,81,85,87,89,95,97,99,
0,1,3,6,8,9,10,11,14,15,16,17,18,19,26,35,36,38,39,40,44,47,48,50,52,57,60,61,62,63,66,67,68,69,70,80,81,83,85,87,89,93,95,
3,7,8,9,11,21,23,34,35,36,38,39,43,47,48,49,50,51,52,53,61,63,64,67,69,71,73,76,78,81,83,85,87,89,93,95,
0,4,8,9,10,11,12,15,17,21,23,26,28,29,31,35,36,38,40,41,45,48,49,50,52,53,59,60,61,62,63,66,67,68,69,70,71,72,76,80,81,83,85,86,87,93,94,95,96,97,
0,6,9,10,14,17,21,22,23,28,36,38,39,40,42,45,48,49,51,52,63,66,68,69,71,74,75,80,81,83,85,86,87,90,99,
3,5,6,7,8,9,17,25,29,32,33,35,48,49,51,61,62,63,68,69,72,78,80,81,84,85,87,94,96,97,98,
0,5,8,10,11,13,14,19,25,28,29,36,38,39,40,42,43,46,47,48,49,51,52,55,63,67,68,69,71,72,75,78,80,83,85,86,87,90,93,
3,5,6,7,8,9,19,23,25,29,34,38,40,41,42,46,48,57,59,61,62,63,67,69,72,73,76,78,80,83,86,87,95,97,
3,7,9,10,11,13,17,28,36,38,39,40,43,45,48,51,55,63,66,67,68,69,71,72,73,76,80,81,84,85,86,93,
2,3,8,17,26,29,36,38,43,48,51,52,54,61,62,63,68,69,70,71,72,73,74,75,83,85,86,87,88,90,93,97,
0,3,4,5,8,9,11,14,15,17,18,19,20,21,26,33,35,36,38,39,40,43,47,48,51,53,62,63,68,69,70,73,80,81,86,87,89,98,99,
0,3,4,5,7,11,12,13,14,16,17,20,25,26,28,36,38,40,47,48,51,52,53,59,61,63,69,71,72,81,85,86,87,89,90,91,97,
3,4,7,8,9,11,13,14,17,18,20,21,25,28,33,35,36,38,39,40,41,47,48,49,51,53,57,60,61,62,63,66,67,68,69,71,73,78,79,80,83,85,86,87,94,
3,5,7,8,9,11,12,14,17,18,26,28,29,34,35,36,38,39,41,43,47,49,52,60,61,62,63,69,71,72,73,74,80,81,83,85,86,87,91,96,97,
0,7,8,10,11,14,16,17,18,23,26,27,28,31,34,35,36,38,39,43,47,48,49,51,52,59,61,62,63,67,69,71,73,75,78,79,81,83,85,86,87,89,90,91,93,96,
3,4,7,8,9,11,18,19,23,29,33,36,38,39,40,42,45,47,48,51,62,63,66,67,68,69,71,73,74,80,83,87,88,89,93,97,99,
0,1,3,7,8,10,13,14,16,17,23,24,26,27,28,29,31,34,38,40,42,43,45,46,48,49,51,52,53,57,60,61,67,69,70,72,73,74,75,81,83,85,94,95,98,
8,11,14,17,18,21,23,26,38,39,40,42,43,47,48,49,53,57,66,67,68,71,72,73,74,78,80,86,89,93,
3,6,7,8,9,11,13,19,21,23,26,29,33,34,35,36,38,39,43,45,48,49,51,60,61,62,63,65,67,69,71,72,73,75,78,83,86,87,93,95,
0,3,4,8,9,10,11,12,14,15,17,21,22,24,26,28,29,34,35,36,38,39,40,41,43,47,50,51,60,61,62,63,68,69,71,73,75,78,80,81,83,85,86,87,89,90,93,95,96,
3,4,7,8,9,10,11,13,22,26,28,35,36,38,39,40,41,42,44,46,48,49,54,60,61,63,68,69,71,72,78,80,81,85,87,89,90,91,92,93,95,97,99,
0,3,5,11,15,17,23,24,27,33,34,36,38,40,41,43,47,48,50,61,62,69,71,72,73,78,83,85,86,87,89,91,93,94,
0,3,8,9,18,19,25,26,28,31,35,36,38,40,41,43,47,49,53,55,59,61,63,68,69,70,74,76,78,81,83,85,87,89,93,97,
3,6,7,8,9,10,11,14,15,17,18,20,22,23,25,29,33,38,39,40,45,46,47,48,51,57,61,62,69,71,72,73,76,80,81,84,85,86,87,89,92,95,98,
3,7,10,14,17,19,23,25,26,28,33,35,36,38,40,46,47,48,49,51,52,54,56,61,62,69,74,78,80,81,83,86,87,95,98,
3,5,8,11,15,19,23,25,28,29,34,36,38,40,43,47,49,52,60,62,63,68,69,71,74,77,80,86,87,89,90,94,
0,3,4,7,9,10,11,17,27,33,34,35,38,42,43,48,49,52,53,59,61,62,63,66,67,69,71,72,73,80,81,83,85,86,87,89,95,
0,3,4,5,7,8,10,11,14,17,20,26,28,34,35,36,38,39,42,47,48,49,50,52,57,59,61,63,66,67,69,74,76,80,81,86,87,89,95,
0,3,8,10,11,12,13,14,16,25,28,29,31,33,39,40,43,46,47,48,52,56,60,63,66,67,68,69,71,72,73,77,78,81,83,85,86,89,93,95,96,
3,5,8,9,14,18,19,21,22,26,28,29,33,36,38,42,43,47,48,51,61,63,66,69,72,79,80,81,83,85,87,98,
0,4,6,7,8,9,11,12,14,17,21,23,24,25,27,28,29,33,35,36,38,43,47,48,49,50,52,53,60,63,66,69,71,72,73,78,80,81,83,85,87,89,90,95,
3,5,8,9,10,11,12,13,14,15,17,22,28,29,33,34,35,36,38,41,42,43,48,52,53,54,55,60,61,62,63,66,68,69,70,71,74,79,80,81,83,85,87,97,
0,8,17,29,33,35,38,40,46,59,61,62,63,67,69,81,83,86,87,
1,6,8,9,11,12,14,19,26,28,29,33,35,39,41,43,48,53,61,62,63,67,69,74,76,78,86,87,95,
3,5,8,11,13,14,17,21,23,28,33,35,36,38,39,40,41,42,43,45,47,49,51,52,53,54,62,63,69,70,73,74,77,78,80,81,82,83,85,90,94,96,97,
9,14,16,17,19,23,26,33,34,36,38,39,40,42,43,51,53,60,63,65,67,69,72,80,83,86,87,93,95,98,
3,5,6,7,9,11,17,25,33,35,36,38,39,40,41,42,43,46,49,55,60,66,67,69,70,71,72,78,79,80,83,85,86,87,97,
0,3,4,5,8,9,11,14,17,18,21,23,28,29,33,34,36,38,40,42,43,48,51,59,62,63,69,70,71,73,74,80,81,82,83,86,87,89,93,95,
0,3,8,9,11,21,23,28,34,35,36,38,39,40,42,43,48,51,52,55,63,67,69,70,71,78,81,85,86,87,93,94,96,
3,5,8,9,11,12,18,19,20,21,22,23,24,28,29,33,34,36,38,39,40,41,47,48,49,54,55,63,66,67,69,70,72,75,78,80,81,83,85,86,87,88,89,93,94,97,
12,13,14,17,18,19,28,29,34,35,36,38,39,40,42,46,47,48,50,53,55,61,63,67,68,69,70,71,72,78,83,86,87,91,
4,6,7,8,11,14,17,18,23,27,28,29,33,35,36,38,39,43,46,47,48,49,51,52,53,55,57,60,61,63,67,69,70,71,78,80,83,85,86,87,88,89,92,95,99,
3,4,6,7,8,9,10,11,14,17,19,23,25,29,31,33,34,36,38,39,40,43,47,48,52,53,57,63,66,68,69,71,72,74,78,80,81,85,87,89,90,93,95,96,
6,9,17,21,23,27,28,29,35,36,38,39,40,41,42,43,47,49,50,53,57,60,61,63,67,69,73,74,78,80,81,85,86,87,89,91,93,
0,3,4,6,8,9,11,12,17,19,24,28,29,34,35,36,38,40,41,43,47,48,49,50,51,55,63,66,67,69,78,80,83,85,86,87,88,89,90,93,94,
3,4,7,8,9,11,19,21,23,25,28,29,34,36,38,39,40,41,42,43,47,48,53,55,59,60,63,69,72,73,74,75,78,83,86,87,90,91,93,
0,3,4,5,10,11,12,14,16,17,25,28,34,36,38,39,40,43,45,47,48,49,50,51,52,53,57,60,61,63,67,68,69,70,71,72,73,74,78,84,85,86,87,89,93,97,98,
0,1,8,11,14,17,18,21,23,26,35,36,38,39,44,47,48,50,54,60,62,63,67,68,69,70,71,74,78,81,83,85,86,87,90,97,
0,3,4,5,8,9,11,13,15,19,26,29,31,35,36,38,40,41,43,48,50,61,62,63,69,72,74,78,83,86,87,89,95,
3,4,5,8,9,11,17,18,21,22,26,33,36,38,39,45,46,47,48,51,57,60,62,63,66,67,69,72,73,74,76,78,81,83,84,85,87,90,93,97,99,
3,5,9,11,14,17,19,20,27,28,29,33,36,40,42,43,46,47,48,49,50,51,63,69,71,72,74,80,81,85,86,87,89,93,96,99,
0,3,4,6,7,14,17,19,21,28,29,33,34,35,36,40,43,45,47,48,49,51,52,60,62,63,67,69,71,72,78,79,80,81,85,86,88,89,93,96,98,
3,8,11,12,14,18,19,23,24,26,28,29,31,33,34,36,38,42,46,47,48,49,51,53,55,60,61,62,63,69,70,71,72,74,78,80,85,87,92,98,
3,4,5,8,9,11,12,13,14,17,23,28,35,36,38,39,41,43,44,48,57,59,62,63,67,71,73,76,81,83,87,88,97,
0,3,4,5,7,8,9,14,16,18,20,22,23,26,28,29,34,35,36,38,39,43,47,48,49,52,53,57,60,63,67,71,73,78,79,83,85,86,87,89,93,
0,3,5,6,7,8,9,14,17,19,21,24,25,26,28,29,33,35,36,38,39,40,47,48,49,51,53,55,61,62,63,67,69,72,73,74,83,85,86,87,88,93,95,96,97,
