0,6,8,34,36,38,42,45,47,49,50,51,52,53,55,61,62,63,67,69,71,74,78,83,94,
4,8,9,11,14,17,18,35,36,38,39,40,41,42,43,59,63,69,73,80,81,85,87,93,97,
8,9,10,14,17,21,25,36,38,40,43,45,57,60,62,63,69,83,85,93,
0,4,7,11,12,13,14,20,23,26,29,38,42,46,61,62,63,72,73,85,86,91,96,
3,6,11,12,14,17,18,19,21,25,33,38,48,61,62,63,68,71,75,80,81,83,84,87,89,
0,11,13,38,40,60,63,74,80,
3,5,7,17,23,28,32,38,39,40,43,47,52,57,61,67,69,70,79,85,87,93,
3,29,43,45,69,72,74,78,89,93,95,97,
0,3,4,12,15,28,33,38,39,40,47,48,61,65,71,72,74,80,86,87,89,96,98,
17,21,33,36,43,45,47,48,61,69,73,78,81,83,87,
3,5,6,28,35,36,38,40,43,48,51,52,61,62,63,74,77,85,86,
3,5,8,11,14,17,20,21,28,33,36,40,51,52,57,59,63,66,81,83,85,89,90,
5,8,14,21,29,31,35,38,39,41,42,59,62,63,70,86,95,
1,3,5,7,11,14,28,31,33,35,36,43,48,61,63,69,80,82,86,91,
12,21,26,28,29,31,43,45,57,61,62,63,67,69,77,80,81,83,86,87,88,89,93,96,
3,8,11,12,17,20,23,28,29,35,38,40,43,47,48,50,62,63,66,71,72,73,81,83,92,97,
13,23,25,31,35,36,38,50,62,66,67,70,71,74,81,85,
21,36,43,51,59,62,63,69,70,87,89,97,
5,13,23,29,36,42,46,48,51,57,63,68,69,72,74,81,83,85,87,95,
3,8,9,17,21,27,28,36,38,40,43,45,48,49,57,66,67,69,71,74,78,81,84,85,86,87,89,91,93,95,
7,13,21,34,35,38,47,49,52,63,66,68,71,80,89,
3,8,10,13,25,26,28,36,38,39,48,51,62,63,69,72,73,81,83,85,93,
3,8,12,14,17,23,35,38,41,48,51,57,61,63,69,73,76,85,86,87,89,90,97,
3,8,9,11,17,24,28,36,38,39,40,42,47,48,60,61,63,69,71,72,74,80,85,87,89,90,91,92,95,
3,9,11,12,34,38,40,42,47,48,55,66,68,78,80,81,88,95,
0,5,7,8,11,12,13,17,28,33,36,38,40,47,48,67,68,69,71,72,76,78,83,85,87,89,93,
7,8,9,13,14,17,23,25,26,27,33,38,40,46,47,48,55,63,73,75,80,81,85,92,97,98,
9,10,11,13,14,17,25,27,29,34,35,36,38,42,48,57,60,68,71,78,79,83,86,87,92,
0,7,9,14,16,17,22,28,36,38,39,43,48,53,61,63,69,81,93,
22,25,27,29,31,35,38,48,52,80,84,85,88,89,93,99,
3,11,12,17,23,36,38,39,41,42,51,57,61,72,81,85,87,89,91,93,95,99,
3,5,14,23,36,38,40,43,46,68,71,74,76,78,80,87,90,95,
7,9,18,20,23,25,27,33,36,38,43,52,63,68,69,72,78,81,87,90,92,93,95,
0,8,11,12,14,19,22,23,35,36,38,39,40,43,48,50,51,63,66,67,68,69,71,74,81,83,85,91,94,96,
3,4,10,13,14,25,28,36,38,39,40,42,43,50,51,53,55,61,62,63,69,87,97,
4,8,12,23,26,28,29,33,34,38,48,51,62,69,73,74,81,86,87,93,96,
3,8,9,11,13,17,20,21,28,33,34,35,36,38,40,43,46,48,49,61,80,85,87,90,98,
6,12,19,23,25,33,35,38,39,45,61,62,63,72,73,75,87,
0,4,5,7,8,11,12,28,29,35,38,46,47,48,61,66,69,72,78,80,83,85,86,87,90,95,97,
5,11,14,25,29,36,38,43,52,63,67,69,72,80,85,87,
5,8,17,26,28,33,36,38,51,59,68,69,72,81,83,85,87,99,
3,6,14,23,28,34,35,36,38,39,40,43,48,49,63,69,73,83,87,89,94,95,
7,13,24,28,35,38,40,43,45,48,66,69,72,78,86,88,92,93,
8,9,11,12,13,19,21,28,35,38,51,61,66,69,72,73,80,87,90,
0,3,5,8,17,36,38,61,62,63,67,68,72,73,81,83,84,85,87,89,93,97,
8,14,17,25,29,35,36,38,41,42,43,47,49,51,52,55,63,73,76,81,82,83,87,95,
14,17,19,28,31,35,38,39,40,43,48,49,59,62,63,85,86,87,93,96,
0,6,8,9,12,17,28,35,36,38,39,47,53,63,68,74,75,80,86,93,98,
3,8,17,23,26,28,36,38,39,43,48,52,61,62,63,69,70,71,72,73,87,90,93,95,97,
10,13,14,16,25,26,28,35,38,39,40,62,68,69,70,71,77,78,87,90,97,
0,3,7,8,12,19,24,27,28,33,36,47,52,54,69,71,73,83,85,95,
4,7,8,9,17,21,28,39,46,63,66,67,69,72,85,87,
4,7,8,9,11,21,31,36,60,63,66,67,69,81,85,
3,8,17,23,26,28,33,34,39,43,48,52,67,69,73,81,85,87,95,
12,19,28,29,36,38,47,48,52,62,63,71,80,83,87,88,92,
3,7,8,12,17,20,21,23,29,36,39,42,48,49,63,67,68,72,73,83,85,86,93,94,
3,19,41,43,72,87,90,
6,8,9,17,19,23,28,36,42,45,46,48,51,63,71,73,74,87,97,
3,4,7,9,10,11,15,17,18,23,25,26,35,36,41,48,51,57,60,61,65,86,87,89,
3,5,6,7,14,19,28,33,35,38,57,67,68,81,83,85,95,
3,11,12,13,21,23,28,31,33,36,38,40,51,59,60,61,63,70,71,72,87,93,
3,8,10,13,21,22,28,29,34,40,43,47,49,50,51,60,71,73,80,89,90,93,
7,8,9,11,24,27,39,48,51,61,63,67,68,69,71,83,85,87,93,95,
5,14,15,18,21,23,33,36,41,43,48,50,60,63,66,69,71,73,81,83,97,
6,7,8,10,14,16,19,26,27,28,29,34,35,48,49,60,67,69,73,74,78,81,84,85,86,87,95,
10,23,26,29,41,47,60,63,81,83,89,
10,13,14,17,23,35,36,40,43,46,68,69,71,72,78,85,97,
3,7,9,10,14,17,19,34,42,43,45,47,48,63,69,72,79,83,85,93,94,
6,13,17,19,22,29,35,36,41,42,43,51,62,63,67,69,71,72,74,81,83,88,89,97,
3,5,9,27,28,38,40,42,43,46,53,57,63,69,71,72,78,87,93,
4,8,17,28,36,39,41,78,86,87,97,
3,8,11,22,26,28,29,40,41,48,52,60,63,68,69,70,74,78,80,94,
3,5,7,8,11,17,21,26,31,34,35,38,41,52,55,59,60,69,70,71,73,83,86,87,
7,13,14,15,17,21,22,25,29,34,35,36,40,43,47,48,51,52,59,63,69,71,78,86,87,89,97,
5,9,11,15,21,23,26,28,35,36,38,40,46,61,63,65,67,69,72,75,85,87,
12,17,21,23,36,38,47,49,52,60,66,69,71,85,87,93,
3,8,9,13,24,28,29,34,38,48,50,63,70,71,81,87,93,
3,14,16,20,21,28,31,38,43,46,48,63,67,69,78,81,83,95,
6,8,29,33,36,38,47,50,57,63,68,74,77,83,87,92,93,
7,25,36,61,63,69,71,73,
3,6,14,15,17,25,28,36,38,39,49,51,61,62,63,67,78,80,81,85,86,
6,8,10,38,39,42,52,60,61,63,68,70,76,78,83,85,89,95,
4,7,8,11,12,13,35,36,38,40,43,55,57,61,72,81,86,89,97,
7,8,11,13,14,15,17,29,40,48,53,60,62,67,68,69,72,73,87,
3,6,8,11,21,24,34,38,40,42,48,61,62,78,80,85,87,89,97,
3,7,9,11,23,24,25,28,36,38,42,47,61,69,71,72,73,81,98,
3,25,28,33,34,36,39,40,43,47,52,54,66,69,72,80,94,
7,8,11,12,17,18,21,25,28,35,36,38,40,49,51,53,63,67,68,71,72,78,83,85,89,90,99,
0,14,21,23,28,34,38,39,45,47,49,51,52,87,93,94,99,
8,10,12,17,25,36,38,39,41,42,43,45,50,62,63,66,69,73,81,86,87,93,97,
0,3,6,8,9,26,28,29,38,39,42,45,61,68,76,78,87,
6,8,11,24,26,29,33,36,38,39,42,43,44,47,48,51,57,61,62,63,66,67,69,72,73,76,81,85,86,88,93,
9,14,17,21,23,33,36,39,42,47,48,55,63,73,80,81,83,86,87,93,
0,7,14,28,33,35,38,39,47,66,67,69,71,73,80,81,83,84,86,87,95,
3,17,24,25,36,38,40,45,51,52,63,70,73,81,83,85,86,87,91,97,
3,4,7,11,14,17,18,19,22,28,32,38,39,40,43,48,49,50,51,52,60,61,62,63,67,69,72,80,
5,17,26,29,35,36,38,43,46,48,61,62,63,77,81,86,95,
0,3,7,9,17,38,40,45,47,57,63,67,71,80,85,87,89,93,95,96,99,
5,8,11,14,23,26,29,34,35,36,41,43,55,62,63,67,69,70,71,73,83,87,90,93,97,98,
3,7,9,14,17,28,29,36,38,40,41,42,43,48,49,55,63,69,74,81,83,85,87,89,
