         1          1          0
         1          1          6
         1          1          8
         1          1         34
         1          1         36
         1          1         38
         1          1         42
         1          1         45
         1          1         47
         1          1         49
         1          1         50
         1          1         51
         1          1         52
         1          1         53
         1          1         55
         1          1         61
         1          1         62
         1          1         63
         1          1         67
         1          1         69
         1          1         71
         1          1         74
         1          1         78
         1          1         83
         1          1         94
         2          2          4
         2          2          8
         2          2          9
         2          2         11
         2          2         14
         2          2         17
         2          2         18
         2          2         35
         2          2         36
         2          2         38
         2          2         39
         2          2         40
         2          2         41
         2          2         42
         2          2         43
         2          2         59
         2          2         63
         2          2         69
         2          2         73
         2          2         80
         2          2         81
         2          2         85
         2          2         87
         2          2         93
         2          2         97
         3          3          8
         3          3          9
         3          3         10
         3          3         14
         3          3         17
         3          3         21
         3          3         25
         3          3         36
         3          3         38
         3          3         40
         3          3         43
         3          3         45
         3          3         57
         3          3         60
         3          3         62
         3          3         63
         3          3         69
         3          3         83
         3          3         85
         3          3         93
         4          4          0
         4          4          4
         4          4          7
         4          4         11
         4          4         12
         4          4         13
         4          4         14
         4          4         20
         4          4         23
         4          4         26
         4          4         29
         4          4         38
         4          4         42
         4          4         46
         4          4         61
         4          4         62
         4          4         63
         4          4         72
         4          4         73
         4          4         85
         4          4         86
         4          4         91
         4          4         96
         5          5          3
         5          5          6
         5          5         11
         5          5         12
         5          5         14
         5          5         17
         5          5         18
         5          5         19
         5          5         21
         5          5         25
         5          5         33
         5          5         38
         5          5         48
         5          5         61
         5          5         62
         5          5         63
         5          5         68
         5          5         71
         5          5         75
         5          5         80
         5          5         81
         5          5         83
         5          5         84
         5          5         87
         5          5         89
         6          6          0
         6          6         11
         6          6         13
         6          6         38
         6          6         40
         6          6         60
         6          6         63
         6          6         74
         6          6         80
         7          7          3
         7          7          5
         7          7          7
         7          7         17
         7          7         23
         7          7         28
         7          7         32
         7          7         38
         7          7         39
         7          7         40
         7          7         43
         7          7         47
         7          7         52
         7          7         57
         7          7         61
         7          7         67
         7          7         69
         7          7         70
         7          7         79
         7          7         85
         7          7         87
         7          7         93
         8          8          3
         8          8         29
         8          8         43
         8          8         45
         8          8         69
         8          8         72
         8          8         74
         8          8         78
         8          8         89
         8          8         93
         8          8         95
         8          8         97
         9          9          0
         9          9          3
         9          9          4
         9          9         12
         9          9         15
         9          9         28
         9          9         33
         9          9         38
         9          9         39
         9          9         40
         9          9         47
         9          9         48
         9          9         61
         9          9         65
         9          9         71
         9          9         72
         9          9         74
         9          9         80
         9          9         86
         9          9         87
         9          9         89
         9          9         96
         9          9         98
        10         10         17
        10         10         21
        10         10         33
        10         10         36
        10         10         43
        10         10         45
        10         10         47
        10         10         48
        10         10         61
        10         10         69
        10         10         73
        10         10         78
        10         10         81
        10         10         83
        10         10         87
        11         11          3
        11         11          5
        11         11          6
        11         11         28
        11         11         35
        11         11         36
        11         11         38
        11         11         40
        11         11         43
        11         11         48
        11         11         51
        11         11         52
        11         11         61
        11         11         62
        11         11         63
        11         11         74
        11         11         77
        11         11         85
        11         11         86
        12         12          3
        12         12          5
        12         12          8
        12         12         11
        12         12         14
        12         12         17
        12         12         20
        12         12         21
        12         12         28
        12         12         33
        12         12         36
        12         12         40
        12         12         51
        12         12         52
        12         12         57
        12         12         59
        12         12         63
        12         12         66
        12         12         81
        12         12         83
        12         12         85
        12         12         89
        12         12         90
        13         13          5
        13         13          8
        13         13         14
        13         13         21
        13         13         29
        13         13         31
        13         13         35
        13         13         38
        13         13         39
        13         13         41
        13         13         42
        13         13         59
        13         13         62
        13         13         63
        13         13         70
        13         13         86
        13         13         95
        14         14          1
        14         14          3
        14         14          5
        14         14          7
        14         14         11
        14         14         14
        14         14         28
        14         14         31
        14         14         33
        14         14         35
        14         14         36
        14         14         43
        14         14         48
        14         14         61
        14         14         63
        14         14         69
        14         14         80
        14         14         82
        14         14         86
        14         14         91
        15         15         12
        15         15         21
        15         15         26
        15         15         28
        15         15         29
        15         15         31
        15         15         43
        15         15         45
        15         15         57
        15         15         61
        15         15         62
        15         15         63
        15         15         67
        15         15         69
        15         15         77
        15         15         80
        15         15         81
        15         15         83
        15         15         86
        15         15         87
        15         15         88
        15         15         89
        15         15         93
        15         15         96
        16         16          3
        16         16          8
        16         16         11
        16         16         12
        16         16         17
        16         16         20
        16         16         23
        16         16         28
        16         16         29
        16         16         35
        16         16         38
        16         16         40
        16         16         43
        16         16         47
        16         16         48
        16         16         50
        16         16         62
        16         16         63
        16         16         66
        16         16         71
        16         16         72
        16         16         73
        16         16         81
        16         16         83
        16         16         92
        16         16         97
        17         17         13
        17         17         23
        17         17         25
        17         17         31
        17         17         35
        17         17         36
        17         17         38
        17         17         50
        17         17         62
        17         17         66
        17         17         67
        17         17         70
        17         17         71
        17         17         74
        17         17         81
        17         17         85
        18         18         21
        18         18         36
        18         18         43
        18         18         51
        18         18         59
        18         18         62
        18         18         63
        18         18         69
        18         18         70
        18         18         87
        18         18         89
        18         18         97
        19         19          5
        19         19         13
        19         19         23
        19         19         29
        19         19         36
        19         19         42
        19         19         46
        19         19         48
        19         19         51
        19         19         57
        19         19         63
        19         19         68
        19         19         69
        19         19         72
        19         19         74
        19         19         81
        19         19         83
        19         19         85
        19         19         87
        19         19         95
        20         20          3
        20         20          8
        20         20          9
        20         20         17
        20         20         21
        20         20         27
        20         20         28
        20         20         36
        20         20         38
        20         20         40
        20         20         43
        20         20         45
        20         20         48
        20         20         49
        20         20         57
        20         20         66
        20         20         67
        20         20         69
        20         20         71
        20         20         74
        20         20         78
        20         20         81
        20         20         84
        20         20         85
        20         20         86
        20         20         87
        20         20         89
        20         20         91
        20         20         93
        20         20         95
        21         21          7
        21         21         13
        21         21         21
        21         21         34
        21         21         35
        21         21         38
        21         21         47
        21         21         49
        21         21         52
        21         21         63
        21         21         66
        21         21         68
        21         21         71
        21         21         80
        21         21         89
        22         22          3
        22         22          8
        22         22         10
        22         22         13
        22         22         25
        22         22         26
        22         22         28
        22         22         36
        22         22         38
        22         22         39
        22         22         48
        22         22         51
        22         22         62
        22         22         63
        22         22         69
        22         22         72
        22         22         73
        22         22         81
        22         22         83
        22         22         85
        22         22         93
        23         23          3
        23         23          8
        23         23         12
        23         23         14
        23         23         17
        23         23         23
        23         23         35
        23         23         38
        23         23         41
        23         23         48
        23         23         51
        23         23         57
        23         23         61
        23         23         63
        23         23         69
        23         23         73
        23         23         76
        23         23         85
        23         23         86
        23         23         87
        23         23         89
        23         23         90
        23         23         97
        24         24          3
        24         24          8
        24         24          9
        24         24         11
        24         24         17
        24         24         24
        24         24         28
        24         24         36
        24         24         38
        24         24         39
        24         24         40
        24         24         42
        24         24         47
        24         24         48
        24         24         60
        24         24         61
        24         24         63
        24         24         69
        24         24         71
        24         24         72
        24         24         74
        24         24         80
        24         24         85
        24         24         87
        24         24         89
        24         24         90
        24         24         91
        24         24         92
        24         24         95
        25         25          3
        25         25          9
        25         25         11
        25         25         12
        25         25         34
        25         25         38
        25         25         40
        25         25         42
        25         25         47
        25         25         48
        25         25         55
        25         25         66
        25         25         68
        25         25         78
        25         25         80
        25         25         81
        25         25         88
        25         25         95
        26         26          0
        26         26          5
        26         26          7
        26         26          8
        26         26         11
        26         26         12
        26         26         13
        26         26         17
        26         26         28
        26         26         33
        26         26         36
        26         26         38
        26         26         40
        26         26         47
        26         26         48
        26         26         67
        26         26         68
        26         26         69
        26         26         71
        26         26         72
        26         26         76
        26         26         78
        26         26         83
        26         26         85
        26         26         87
        26         26         89
        26         26         93
        27         27          7
        27         27          8
        27         27          9
        27         27         13
        27         27         14
        27         27         17
        27         27         23
        27         27         25
        27         27         26
        27         27         27
        27         27         33
        27         27         38
        27         27         40
        27         27         46
        27         27         47
        27         27         48
        27         27         55
        27         27         63
        27         27         73
        27         27         75
        27         27         80
        27         27         81
        27         27         85
        27         27         92
        27         27         97
        27         27         98
        28         28          9
        28         28         10
        28         28         11
        28         28         13
        28         28         14
        28         28         17
        28         28         25
        28         28         27
        28         28         29
        28         28         34
        28         28         35
        28         28         36
        28         28         38
        28         28         42
        28         28         48
        28         28         57
        28         28         60
        28         28         68
        28         28         71
        28         28         78
        28         28         79
        28         28         83
        28         28         86
        28         28         87
        28         28         92
        29         29          0
        29         29          7
        29         29          9
        29         29         14
        29         29         16
        29         29         17
        29         29         22
        29         29         28
        29         29         36
        29         29         38
        29         29         39
        29         29         43
        29         29         48
        29         29         53
        29         29         61
        29         29         63
        29         29         69
        29         29         81
        29         29         93
        30         30         22
        30         30         25
        30         30         27
        30         30         29
        30         30         31
        30         30         35
        30         30         38
        30         30         48
        30         30         52
        30         30         80
        30         30         84
        30         30         85
        30         30         88
        30         30         89
        30         30         93
        30         30         99
        31         31          3
        31         31         11
        31         31         12
        31         31         17
        31         31         23
        31         31         36
        31         31         38
        31         31         39
        31         31         41
        31         31         42
        31         31         51
        31         31         57
        31         31         61
        31         31         72
        31         31         81
        31         31         85
        31         31         87
        31         31         89
        31         31         91
        31         31         93
        31         31         95
        31         31         99
        32         32          3
        32         32          5
        32         32         14
        32         32         23
        32         32         36
        32         32         38
        32         32         40
        32         32         43
        32         32         46
        32         32         68
        32         32         71
        32         32         74
        32         32         76
        32         32         78
        32         32         80
        32         32         87
        32         32         90
        32         32         95
        33         33          7
        33         33          9
        33         33         18
        33         33         20
        33         33         23
        33         33         25
        33         33         27
        33         33         33
        33         33         36
        33         33         38
        33         33         43
        33         33         52
        33         33         63
        33         33         68
        33         33         69
        33         33         72
        33         33         78
        33         33         81
        33         33         87
        33         33         90
        33         33         92
        33         33         93
        33         33         95
        34         34          0
        34         34          8
        34         34         11
        34         34         12
        34         34         14
        34         34         19
        34         34         22
        34         34         23
        34         34         35
        34         34         36
        34         34         38
        34         34         39
        34         34         40
        34         34         43
        34         34         48
        34         34         50
        34         34         51
        34         34         63
        34         34         66
        34         34         67
        34         34         68
        34         34         69
        34         34         71
        34         34         74
        34         34         81
        34         34         83
        34         34         85
        34         34         91
        34         34         94
        34         34         96
        35         35          3
        35         35          4
        35         35         10
        35         35         13
        35         35         14
        35         35         25
        35         35         28
        35         35         36
        35         35         38
        35         35         39
        35         35         40
        35         35         42
        35         35         43
        35         35         50
        35         35         51
        35         35         53
        35         35         55
        35         35         61
        35         35         62
        35         35         63
        35         35         69
        35         35         87
        35         35         97
        36         36          4
        36         36          8
        36         36         12
        36         36         23
        36         36         26
        36         36         28
        36         36         29
        36         36         33
        36         36         34
        36         36         38
        36         36         48
        36         36         51
        36         36         62
        36         36         69
        36         36         73
        36         36         74
        36         36         81
        36         36         86
        36         36         87
        36         36         93
        36         36         96
        37         37          3
        37         37          8
        37         37          9
        37         37         11
        37         37         13
        37         37         17
        37         37         20
        37         37         21
        37         37         28
        37         37         33
        37         37         34
        37         37         35
        37         37         36
        37         37         38
        37         37         40
        37         37         43
        37         37         46
        37         37         48
        37         37         49
        37         37         61
        37         37         80
        37         37         85
        37         37         87
        37         37         90
        37         37         98
        38         38          6
        38         38         12
        38         38         19
        38         38         23
        38         38         25
        38         38         33
        38         38         35
        38         38         38
        38         38         39
        38         38         45
        38         38         61
        38         38         62
        38         38         63
        38         38         72
        38         38         73
        38         38         75
        38         38         87
        39         39          0
        39         39          4
        39         39          5
        39         39          7
        39         39          8
        39         39         11
        39         39         12
        39         39         28
        39         39         29
        39         39         35
        39         39         38
        39         39         46
        39         39         47
        39         39         48
        39         39         61
        39         39         66
        39         39         69
        39         39         72
        39         39         78
        39         39         80
        39         39         83
        39         39         85
        39         39         86
        39         39         87
        39         39         90
        39         39         95
        39         39         97
        40         40          5
        40         40         11
        40         40         14
        40         40         25
        40         40         29
        40         40         36
        40         40         38
        40         40         43
        40         40         52
        40         40         63
        40         40         67
        40         40         69
        40         40         72
        40         40         80
        40         40         85
        40         40         87
        41         41          5
        41         41          8
        41         41         17
        41         41         26
        41         41         28
        41         41         33
        41         41         36
        41         41         38
        41         41         51
        41         41         59
        41         41         68
        41         41         69
        41         41         72
        41         41         81
        41         41         83
        41         41         85
        41         41         87
        41         41         99
        42         42          3
        42         42          6
        42         42         14
        42         42         23
        42         42         28
        42         42         34
        42         42         35
        42         42         36
        42         42         38
        42         42         39
        42         42         40
        42         42         43
        42         42         48
        42         42         49
        42         42         63
        42         42         69
        42         42         73
        42         42         83
        42         42         87
        42         42         89
        42         42         94
        42         42         95
        43         43          7
        43         43         13
        43         43         24
        43         43         28
        43         43         35
        43         43         38
        43         43         40
        43         43         43
        43         43         45
        43         43         48
        43         43         66
        43         43         69
        43         43         72
        43         43         78
        43         43         86
        43         43         88
        43         43         92
        43         43         93
        44         44          8
        44         44          9
        44         44         11
        44         44         12
        44         44         13
        44         44         19
        44         44         21
        44         44         28
        44         44         35
        44         44         38
        44         44         51
        44         44         61
        44         44         66
        44         44         69
        44         44         72
        44         44         73
        44         44         80
        44         44         87
        44         44         90
        45         45          0
        45         45          3
        45         45          5
        45         45          8
        45         45         17
        45         45         36
        45         45         38
        45         45         61
        45         45         62
        45         45         63
        45         45         67
        45         45         68
        45         45         72
        45         45         73
        45         45         81
        45         45         83
        45         45         84
        45         45         85
        45         45         87
        45         45         89
        45         45         93
        45         45         97
        46         46          8
        46         46         14
        46         46         17
        46         46         25
        46         46         29
        46         46         35
        46         46         36
        46         46         38
        46         46         41
        46         46         42
        46         46         43
        46         46         47
        46         46         49
        46         46         51
        46         46         52
        46         46         55
        46         46         63
        46         46         73
        46         46         76
        46         46         81
        46         46         82
        46         46         83
        46         46         87
        46         46         95
        47         47         14
        47         47         17
        47         47         19
        47         47         28
        47         47         31
        47         47         35
        47         47         38
        47         47         39
        47         47         40
        47         47         43
        47         47         48
        47         47         49
        47         47         59
        47         47         62
        47         47         63
        47         47         85
        47         47         86
        47         47         87
        47         47         93
        47         47         96
        48         48          0
        48         48          6
        48         48          8
        48         48          9
        48         48         12
        48         48         17
        48         48         28
        48         48         35
        48         48         36
        48         48         38
        48         48         39
        48         48         47
        48         48         53
        48         48         63
        48         48         68
        48         48         74
        48         48         75
        48         48         80
        48         48         86
        48         48         93
        48         48         98
        49         49          3
        49         49          8
        49         49         17
        49         49         23
        49         49         26
        49         49         28
        49         49         36
        49         49         38
        49         49         39
        49         49         43
        49         49         48
        49         49         52
        49         49         61
        49         49         62
        49         49         63
        49         49         69
        49         49         70
        49         49         71
        49         49         72
        49         49         73
        49         49         87
        49         49         90
        49         49         93
        49         49         95
        49         49         97
        50         50         10
        50         50         13
        50         50         14
        50         50         16
        50         50         25
        50         50         26
        50         50         28
        50         50         35
        50         50         38
        50         50         39
        50         50         40
        50         50         62
        50         50         68
        50         50         69
        50         50         70
        50         50         71
        50         50         77
        50         50         78
        50         50         87
        50         50         90
        50         50         97
        51         51          0
        51         51          3
        51         51          7
        51         51          8
        51         51         12
        51         51         19
        51         51         24
        51         51         27
        51         51         28
        51         51         33
        51         51         36
        51         51         47
        51         51         52
        51         51         54
        51         51         69
        51         51         71
        51         51         73
        51         51         83
        51         51         85
        51         51         95
        52         52          4
        52         52          7
        52         52          8
        52         52          9
        52         52         17
        52         52         21
        52         52         28
        52         52         39
        52         52         46
        52         52         63
        52         52         66
        52         52         67
        52         52         69
        52         52         72
        52         52         85
        52         52         87
        53         53          4
        53         53          7
        53         53          8
        53         53          9
        53         53         11
        53         53         21
        53         53         31
        53         53         36
        53         53         60
        53         53         63
        53         53         66
        53         53         67
        53         53         69
        53         53         81
        53         53         85
        54         54          3
        54         54          8
        54         54         17
        54         54         23
        54         54         26
        54         54         28
        54         54         33
        54         54         34
        54         54         39
        54         54         43
        54         54         48
        54         54         52
        54         54         67
        54         54         69
        54         54         73
        54         54         81
        54         54         85
        54         54         87
        54         54         95
        55         55         12
        55         55         19
        55         55         28
        55         55         29
        55         55         36
        55         55         38
        55         55         47
        55         55         48
        55         55         52
        55         55         62
        55         55         63
        55         55         71
        55         55         80
        55         55         83
        55         55         87
        55         55         88
        55         55         92
        56         56          3
        56         56          7
        56         56          8
        56         56         12
        56         56         17
        56         56         20
        56         56         21
        56         56         23
        56         56         29
        56         56         36
        56         56         39
        56         56         42
        56         56         48
        56         56         49
        56         56         63
        56         56         67
        56         56         68
        56         56         72
        56         56         73
        56         56         83
        56         56         85
        56         56         86
        56         56         93
        56         56         94
        57         57          3
        57         57         19
        57         57         41
        57         57         43
        57         57         72
        57         57         87
        57         57         90
        58         58          6
        58         58          8
        58         58          9
        58         58         17
        58         58         19
        58         58         23
        58         58         28
        58         58         36
        58         58         42
        58         58         45
        58         58         46
        58         58         48
        58         58         51
        58         58         63
        58         58         71
        58         58         73
        58         58         74
        58         58         87
        58         58         97
        59         59          3
        59         59          4
        59         59          7
        59         59          9
        59         59         10
        59         59         11
        59         59         15
        59         59         17
        59         59         18
        59         59         23
        59         59         25
        59         59         26
        59         59         35
        59         59         36
        59         59         41
        59         59         48
        59         59         51
        59         59         57
        59         59         60
        59         59         61
        59         59         65
        59         59         86
        59         59         87
        59         59         89
        60         60          3
        60         60          5
        60         60          6
        60         60          7
        60         60         14
        60         60         19
        60         60         28
        60         60         33
        60         60         35
        60         60         38
        60         60         57
        60         60         67
        60         60         68
        60         60         81
        60         60         83
        60         60         85
        60         60         95
        61         61          3
        61         61         11
        61         61         12
        61         61         13
        61         61         21
        61         61         23
        61         61         28
        61         61         31
        61         61         33
        61         61         36
        61         61         38
        61         61         40
        61         61         51
        61         61         59
        61         61         60
        61         61         61
        61         61         63
        61         61         70
        61         61         71
        61         61         72
        61         61         87
        61         61         93
        62         62          3
        62         62          8
        62         62         10
        62         62         13
        62         62         21
        62         62         22
        62         62         28
        62         62         29
        62         62         34
        62         62         40
        62         62         43
        62         62         47
        62         62         49
        62         62         50
        62         62         51
        62         62         60
        62         62         71
        62         62         73
        62         62         80
        62         62         89
        62         62         90
        62         62         93
        63         63          7
        63         63          8
        63         63          9
        63         63         11
        63         63         24
        63         63         27
        63         63         39
        63         63         48
        63         63         51
        63         63         61
        63         63         63
        63         63         67
        63         63         68
        63         63         69
        63         63         71
        63         63         83
        63         63         85
        63         63         87
        63         63         93
        63         63         95
        64         64          5
        64         64         14
        64         64         15
        64         64         18
        64         64         21
        64         64         23
        64         64         33
        64         64         36
        64         64         41
        64         64         43
        64         64         48
        64         64         50
        64         64         60
        64         64         63
        64         64         66
        64         64         69
        64         64         71
        64         64         73
        64         64         81
        64         64         83
        64         64         97
        65         65          6
        65         65          7
        65         65          8
        65         65         10
        65         65         14
        65         65         16
        65         65         19
        65         65         26
        65         65         27
        65         65         28
        65         65         29
        65         65         34
        65         65         35
        65         65         48
        65         65         49
        65         65         60
        65         65         67
        65         65         69
        65         65         73
        65         65         74
        65         65         78
        65         65         81
        65         65         84
        65         65         85
        65         65         86
        65         65         87
        65         65         95
        66         66         10
        66         66         23
        66         66         26
        66         66         29
        66         66         41
        66         66         47
        66         66         60
        66         66         63
        66         66         81
        66         66         83
        66         66         89
        67         67         10
        67         67         13
        67         67         14
        67         67         17
        67         67         23
        67         67         35
        67         67         36
        67         67         40
        67         67         43
        67         67         46
        67         67         68
        67         67         69
        67         67         71
        67         67         72
        67         67         78
        67         67         85
        67         67         97
        68         68          3
        68         68          7
        68         68          9
        68         68         10
        68         68         14
        68         68         17
        68         68         19
        68         68         34
        68         68         42
        68         68         43
        68         68         45
        68         68         47
        68         68         48
        68         68         63
        68         68         69
        68         68         72
        68         68         79
        68         68         83
        68         68         85
        68         68         93
        68         68         94
        69         69          6
        69         69         13
        69         69         17
        69         69         19
        69         69         22
        69         69         29
        69         69         35
        69         69         36
        69         69         41
        69         69         42
        69         69         43
        69         69         51
        69         69         62
        69         69         63
        69         69         67
        69         69         69
        69         69         71
        69         69         72
        69         69         74
        69         69         81
        69         69         83
        69         69         88
        69         69         89
        69         69         97
        70         70          3
        70         70          5
        70         70          9
        70         70         27
        70         70         28
        70         70         38
        70         70         40
        70         70         42
        70         70         43
        70         70         46
        70         70         53
        70         70         57
        70         70         63
        70         70         69
        70         70         71
        70         70         72
        70         70         78
        70         70         87
        70         70         93
        71         71          4
        71         71          8
        71         71         17
        71         71         28
        71         71         36
        71         71         39
        71         71         41
        71         71         78
        71         71         86
        71         71         87
        71         71         97
        72         72          3
        72         72          8
        72         72         11
        72         72         22
        72         72         26
        72         72         28
        72         72         29
        72         72         40
        72         72         41
        72         72         48
        72         72         52
        72         72         60
        72         72         63
        72         72         68
        72         72         69
        72         72         70
        72         72         74
        72         72         78
        72         72         80
        72         72         94
        73         73          3
        73         73          5
        73         73          7
        73         73          8
        73         73         11
        73         73         17
        73         73         21
        73         73         26
        73         73         31
        73         73         34
        73         73         35
        73         73         38
        73         73         41
        73         73         52
        73         73         55
        73         73         59
        73         73         60
        73         73         69
        73         73         70
        73         73         71
        73         73         73
        73         73         83
        73         73         86
        73         73         87
        74         74          7
        74         74         13
        74         74         14
        74         74         15
        74         74         17
        74         74         21
        74         74         22
        74         74         25
        74         74         29
        74         74         34
        74         74         35
        74         74         36
        74         74         40
        74         74         43
        74         74         47
        74         74         48
        74         74         51
        74         74         52
        74         74         59
        74         74         63
        74         74         69
        74         74         71
        74         74         78
        74         74         86
        74         74         87
        74         74         89
        74         74         97
        75         75          5
        75         75          9
        75         75         11
        75         75         15
        75         75         21
        75         75         23
        75         75         26
        75         75         28
        75         75         35
        75         75         36
        75         75         38
        75         75         40
        75         75         46
        75         75         61
        75         75         63
        75         75         65
        75         75         67
        75         75         69
        75         75         72
        75         75         75
        75         75         85
        75         75         87
        76         76         12
        76         76         17
        76         76         21
        76         76         23
        76         76         36
        76         76         38
        76         76         47
        76         76         49
        76         76         52
        76         76         60
        76         76         66
        76         76         69
        76         76         71
        76         76         85
        76         76         87
        76         76         93
        77         77          3
        77         77          8
        77         77          9
        77         77         13
        77         77         24
        77         77         28
        77         77         29
        77         77         34
        77         77         38
        77         77         48
        77         77         50
        77         77         63
        77         77         70
        77         77         71
        77         77         81
        77         77         87
        77         77         93
        78         78          3
        78         78         14
        78         78         16
        78         78         20
        78         78         21
        78         78         28
        78         78         31
        78         78         38
        78         78         43
        78         78         46
        78         78         48
        78         78         63
        78         78         67
        78         78         69
        78         78         78
        78         78         81
        78         78         83
        78         78         95
        79         79          6
        79         79          8
        79         79         29
        79         79         33
        79         79         36
        79         79         38
        79         79         47
        79         79         50
        79         79         57
        79         79         63
        79         79         68
        79         79         74
        79         79         77
        79         79         83
        79         79         87
        79         79         92
        79         79         93
        80         80          7
        80         80         25
        80         80         36
        80         80         61
        80         80         63
        80         80         69
        80         80         71
        80         80         73
        81         81          3
        81         81          6
        81         81         14
        81         81         15
        81         81         17
        81         81         25
        81         81         28
        81         81         36
        81         81         38
        81         81         39
        81         81         49
        81         81         51
        81         81         61
        81         81         62
        81         81         63
        81         81         67
        81         81         78
        81         81         80
        81         81         81
        81         81         85
        81         81         86
        82         82          6
        82         82          8
        82         82         10
        82         82         38
        82         82         39
        82         82         42
        82         82         52
        82         82         60
        82         82         61
        82         82         63
        82         82         68
        82         82         70
        82         82         76
        82         82         78
        82         82         83
        82         82         85
        82         82         89
        82         82         95
        83         83          4
        83         83          7
        83         83          8
        83         83         11
        83         83         12
        83         83         13
        83         83         35
        83         83         36
        83         83         38
        83         83         40
        83         83         43
        83         83         55
        83         83         57
        83         83         61
        83         83         72
        83         83         81
        83         83         86
        83         83         89
        83         83         97
        84         84          7
        84         84          8
        84         84         11
        84         84         13
        84         84         14
        84         84         15
        84         84         17
        84         84         29
        84         84         40
        84         84         48
        84         84         53
        84         84         60
        84         84         62
        84         84         67
        84         84         68
        84         84         69
        84         84         72
        84         84         73
        84         84         87
        85         85          3
        85         85          6
        85         85          8
        85         85         11
        85         85         21
        85         85         24
        85         85         34
        85         85         38
        85         85         40
        85         85         42
        85         85         48
        85         85         61
        85         85         62
        85         85         78
        85         85         80
        85         85         85
        85         85         87
        85         85         89
        85         85         97
        86         86          3
        86         86          7
        86         86          9
        86         86         11
        86         86         23
        86         86         24
        86         86         25
        86         86         28
        86         86         36
        86         86         38
        86         86         42
        86         86         47
        86         86         61
        86         86         69
        86         86         71
        86         86         72
        86         86         73
        86         86         81
        86         86         98
        87         87          3
        87         87         25
        87         87         28
        87         87         33
        87         87         34
        87         87         36
        87         87         39
        87         87         40
        87         87         43
        87         87         47
        87         87         52
        87         87         54
        87         87         66
        87         87         69
        87         87         72
        87         87         80
        87         87         94
        88         88          7
        88         88          8
        88         88         11
        88         88         12
        88         88         17
        88         88         18
        88         88         21
        88         88         25
        88         88         28
        88         88         35
        88         88         36
        88         88         38
        88         88         40
        88         88         49
        88         88         51
        88         88         53
        88         88         63
        88         88         67
        88         88         68
        88         88         71
        88         88         72
        88         88         78
        88         88         83
        88         88         85
        88         88         89
        88         88         90
        88         88         99
        89         89          0
        89         89         14
        89         89         21
        89         89         23
        89         89         28
        89         89         34
        89         89         38
        89         89         39
        89         89         45
        89         89         47
        89         89         49
        89         89         51
        89         89         52
        89         89         87
        89         89         93
        89         89         94
        89         89         99
        90         90          8
        90         90         10
        90         90         12
        90         90         17
        90         90         25
        90         90         36
        90         90         38
        90         90         39
        90         90         41
        90         90         42
        90         90         43
        90         90         45
        90         90         50
        90         90         62
        90         90         63
        90         90         66
        90         90         69
        90         90         73
        90         90         81
        90         90         86
        90         90         87
        90         90         93
        90         90         97
        91         91          0
        91         91          3
        91         91          6
        91         91          8
        91         91          9
        91         91         26
        91         91         28
        91         91         29
        91         91         38
        91         91         39
        91         91         42
        91         91         45
        91         91         61
        91         91         68
        91         91         76
        91         91         78
        91         91         87
        92         92          6
        92         92          8
        92         92         11
        92         92         24
        92         92         26
        92         92         29
        92         92         33
        92         92         36
        92         92         38
        92         92         39
        92         92         42
        92         92         43
        92         92         44
        92         92         47
        92         92         48
        92         92         51
        92         92         57
        92         92         61
        92         92         62
        92         92         63
        92         92         66
        92         92         67
        92         92         69
        92         92         72
        92         92         73
        92         92         76
        92         92         81
        92         92         85
        92         92         86
        92         92         88
        92         92         93
        93         93          9
        93         93         14
        93         93         17
        93         93         21
        93         93         23
        93         93         33
        93         93         36
        93         93         39
        93         93         42
        93         93         47
        93         93         48
        93         93         55
        93         93         63
        93         93         73
        93         93         80
        93         93         81
        93         93         83
        93         93         86
        93         93         87
        93         93         93
        94         94          0
        94         94          7
        94         94         14
        94         94         28
        94         94         33
        94         94         35
        94         94         38
        94         94         39
        94         94         47
        94         94         66
        94         94         67
        94         94         69
        94         94         71
        94         94         73
        94         94         80
        94         94         81
        94         94         83
        94         94         84
        94         94         86
        94         94         87
        94         94         95
        95         95          3
        95         95         17
        95         95         24
        95         95         25
        95         95         36
        95         95         38
        95         95         40
        95         95         45
        95         95         51
        95         95         52
        95         95         63
        95         95         70
        95         95         73
        95         95         81
        95         95         83
        95         95         85
        95         95         86
        95         95         87
        95         95         91
        95         95         97
        96         96          3
        96         96          4
        96         96          7
        96         96         11
        96         96         14
        96         96         17
        96         96         18
        96         96         19
        96         96         22
        96         96         28
        96         96         32
        96         96         38
        96         96         39
        96         96         40
        96         96         43
        96         96         48
        96         96         49
        96         96         50
        96         96         51
        96         96         52
        96         96         60
        96         96         61
        96         96         62
        96         96         63
        96         96         67
        96         96         69
        96         96         72
        96         96         80
        97         97          5
        97         97         17
        97         97         26
        97         97         29
        97         97         35
        97         97         36
        97         97         38
        97         97         43
        97         97         46
        97         97         48
        97         97         61
        97         97         62
        97         97         63
        97         97         77
        97         97         81
        97         97         86
        97         97         95
        98         98          0
        98         98          3
        98         98          7
        98         98          9
        98         98         17
        98         98         38
        98         98         40
        98         98         45
        98         98         47
        98         98         57
        98         98         63
        98         98         67
        98         98         71
        98         98         80
        98         98         85
        98         98         87
        98         98         89
        98         98         93
        98         98         95
        98         98         96
        98         98         99
        99         99          5
        99         99          8
        99         99         11
        99         99         14
        99         99         23
        99         99         26
        99         99         29
        99         99         34
        99         99         35
        99         99         36
        99         99         41
        99         99         43
        99         99         55
        99         99         62
        99         99         63
        99         99         67
        99         99         69
        99         99         70
        99         99         71
        99         99         73
        99         99         83
        99         99         87
        99         99         90
        99         99         93
        99         99         97
        99         99         98
       100        100          3
       100        100          7
       100        100          9
       100        100         14
       100        100         17
       100        100         28
       100        100         29
       100        100         36
       100        100         38
       100        100         40
       100        100         41
       100        100         42
       100        100         43
       100        100         48
       100        100         49
       100        100         55
       100        100         63
       100        100         69
       100        100         74
       100        100         81
       100        100         83
       100        100         85
       100        100         87
       100        100         89
